0	0.01390228
0.02	0.10829098
0.04	0.10123204
0.06	0.08833916
0.08	0.09521974
0.1	0.12032342
0.12	0.14230482
0.14	0.1282575
0.16	0.11030488
0.18	0.08520904
0.2	0.0850297
0.22	0.13102208
0.24	0.1757336
0.26	0.1934765
0.28	0.16233308
0.3	0.14410018
0.32	0.1082851
0.34	0.08190154
0.36	0.04167254
0.38	0.06548262
0.4	0.13041644
0.42	0.19036402
0.44	0.19537868
0.46	0.06550712
0.48	-0.03033492
0.5	-0.14080248
0.52	0.04892748
0.54	0.12812814
0.56	0.14379344
0.58	0.20238078
0.6	0.25986758
0.62	0.32495722
0.64	0.30558066
0.66	0.17235456
0.68	0.19724656
0.7	0.16277702
0.72	0.16417254
0.74	0.06650378
0.76	-0.02490572
0.78	-0.1500331
0.8	-0.23606632
0.82	-0.25213048
0.84	-0.33603808
0.86	-0.46310978
0.88	-0.49127008
0.9	-0.41831594
0.92	-0.35913178
0.94	-0.27085926
0.96	-0.23465316
0.98	-0.33920544
1	-0.41174504
1.02	-0.5294401
1.04	-0.63880222
1.06	-0.7312123
1.08	-0.65137856
1.1	-0.59877412
1.12	-0.39935686
1.14	-0.39948524
1.16	-0.0630679
1.18	0.51432164
1.2	0.78667932
1.22	0.60272352
1.24	0.48414352
1.26	0.25021948
1.28	0.0591528
1.3	-0.13422766
1.32	-0.30795912
1.34	-0.49875434
1.36	-0.70921032
1.38	-0.99424822
1.4	-1.2177215
1.42	-1.528116
1.44	-1.4482705
1.46	-1.1539657
1.48	-0.93465638
1.5	-0.89108852
1.52	-0.92572172
1.54	-0.83870948
1.56	-0.90074642
1.58	-0.99197168
1.6	-1.207701
1.62	-0.32739448
1.64	1.4738485
1.66	2.0649404
1.68	1.9881182
1.7	2.0330698
1.72	1.8151207
1.74	1.723916
1.76	1.7512081
1.78	1.7514286
1.8	1.8035499
1.82	1.6288551
1.84	1.3456302
1.86	1.086722
1.88	0.78105902
1.9	0.42911064
1.92	0.0165865
1.94	-0.35928466
1.96	-0.78471638
1.98	-1.1629827
2	-1.5972834
2.02	-1.9586368
2.04	-2.4103502
2.06	-2.7273243
2.08	-3.0335469
2.1	-3.1977204
2.12	-3.4146365
2.14	-2.8194786
2.16	-2.3226225
2.18	1.1970465
2.2	2.3709297
2.22	1.6391196
2.24	1.8641746
2.26	1.0940338
2.28	0.7521794
2.3	0.1731954
2.32	-0.11316354
2.34	-0.53241342
2.36	-0.8945636
2.38	-1.1848043
2.4	-1.7554466
2.42	-0.5757549
2.44	2.6287902
2.46	1.5464096
2.48	1.7275803
2.5	1.0110552
2.52	0.57843226
2.54	-0.23680524
2.56	0.66981726
2.58	1.978912
2.6	1.6402966
2.62	1.68408
2.64	1.480484
2.66	1.2305713
2.68	1.0004467
2.7	0.75066236
2.72	0.5222959
2.74	0.27055546
2.76	0.04386284
2.78	-0.18774252
2.8	0.09448474
2.82	0.43220744
2.84	0.83738746
2.86	0.95027464
2.88	0.71572438
2.9	0.59896326
2.92	0.3337684
2.94	0.10841152
2.96	-0.18502302
2.98	-0.41936356
3	-0.67207714
3.02	0.0966721
3.04	0.37198154
3.06	0.03987032
3.08	-0.01081038
3.1	-0.34404566
3.12	-0.56441434
3.14	-0.88260368
3.16	-1.1288032
3.18	-1.3618256
3.2	-0.218785
3.22	-0.240541
3.24	-0.68218976
3.26	-0.68861758
3.28	-1.3167378
3.3	-1.3517493
3.32	-2.0384049
3.34	0.92999354
3.36	1.3066193
3.38	0.69107542
3.4	0.54606482
3.42	-0.07173306
3.44	-0.67427528
3.46	1.0660009
3.48	1.4874518
3.5	1.0700757
3.52	1.1614294
3.54	0.76171186
3.56	0.55889204
3.58	0.21460726
3.6	0.1254841
3.62	0.6732502
3.64	0.32391548
3.66	0.33665352
3.68	0.10927098
3.7	-0.01729994
3.72	-0.2991254
3.74	-0.48766564
3.76	-0.607257
3.78	-0.22220324
3.8	0.0320607
3.82	0.24470992
3.84	-0.07692902
3.86	-0.21060984
3.88	-0.56751898
3.9	-0.82498556
3.92	-1.2051119
3.94	-1.4773157
3.96	-1.7355359
3.98	-0.42117166
4	-0.02900114
4.02	-0.25901204
4.04	-0.29246728
4.06	0.05468694
4.08	0.14648256
4.1	-0.14280266
4.12	-0.2060499
4.14	-0.49872592
4.16	-0.64436666
4.18	-0.9566907
4.2	-1.1271049
4.22	-1.4457871
4.24	-1.6283268
4.26	-1.9432832
4.28	-1.8548264
4.3	-1.9824008
4.32	-1.7675182
4.34	-1.2495412
4.36	1.2058675
4.38	0.54119716
4.4	0.38337208
4.42	0.3112627
4.44	1.1172323
4.46	1.6596016
4.48	2.4622186
4.5	2.0239107
4.52	1.8334124
4.54	1.3162282
4.56	0.9595131
4.58	0.32510814
4.6	-0.15393448
4.62	-0.81559226
4.64	-1.3184734
4.66	-1.8167779
4.68	0.05749268
4.7	0.16879324
4.72	-0.28462434
4.74	-0.44680846
4.76	-0.98240394
4.78	-1.423156
4.8	-1.8513974
4.82	-2.4538828
4.84	-1.6840359
4.86	1.3792932
4.88	0.99831522
4.9	1.0885575
4.92	0.90614622
4.94	0.46826262
4.96	1.249061
4.98	2.1097401
5	1.6160847
5.02	1.6908293
5.04	1.3050719
5.06	1.1107075
5.08	0.7726957
5.1	0.50990674
5.12	0.54341686
5.14	1.1991858
5.16	1.2085781
5.18	1.1575593
5.2	1.1441412
5.22	0.71664558
5.24	0.54521026
5.26	-0.06387052
5.28	0.80327072
5.3	1.6333915
5.32	0.8584996
5.34	0.96065382
5.36	0.3962042
5.38	0.1464169
5.4	-0.31912034
5.42	-0.64756734
5.44	-0.8750616
5.46	-0.47164264
5.48	-0.19755232
5.5	0.02667462
5.52	-0.291991
5.54	-0.44446822
5.56	-0.78459976
5.58	-1.0324241
5.6	-1.3511907
5.62	-1.6049382
5.64	-1.8599998
5.66	-1.2796624
5.68	-0.63945882
5.7	-0.20338822
5.72	-0.3133893
5.74	-0.37243038
5.76	-0.49524888
5.78	-0.23493834
5.8	0.0839615
5.82	0.16836498
5.84	0.11262062
5.86	0.22863596
5.88	0.24749508
5.9	0.15711948
5.92	0.06846868
5.94	-0.1472156
5.96	-0.3791865
5.98	-0.57867138
6	-0.25521944
6.02	0.04064942
6.04	0.42763672
6.06	0.1326822
6.08	-0.0950208
6.1	-0.2302363
6.12	0.12900426
6.14	0.05044844
6.16	-0.07965538
6.18	-0.20968178
6.2	-0.37988524
6.22	-0.50981266
6.24	-0.1571773
6.26	0.0324233
6.28	0.11101538
6.3	-0.0049931
6.32	-0.07572656
6.34	-0.03499188
6.36	0.09453276
6.38	0.03614926
6.4	0.01576526
6.42	-0.03846402
6.44	-0.08517082
6.46	0.05622946
6.48	0.30345504
6.5	0.42117656
6.52	0.2440347
6.54	0.23557926
6.56	0.17678808
6.58	0.12862108
6.6	0.0181741
6.62	-0.20281786
6.64	0.10812928
6.66	0.0913507
6.68	0.033908
6.7	0.1063006
6.72	0.11104282
6.74	0.098931
6.76	0.00177478
6.78	-0.07251314
6.8	-0.23480702
6.82	-0.35486976
6.84	-0.70408688
6.86	-0.7787276
6.88	-0.1840832
6.9	0.26316528
6.92	0.1242542
6.94	0.04225564
6.96	-0.15872864
6.98	-0.048461
7	0.21871248
7.02	0.46620462
7.04	0.42814436
7.06	0.21567252
7.08	0.04339538
7.1	-0.15864534
7.12	-0.31969462
7.14	-0.4185776
7.16	-0.12300078
7.18	0.1601516
7.2	0.20348622
7.22	0.08232882
7.24	0.20536684
7.26	0.13675998
7.28	0.054586
7.3	-0.0527534
7.32	-0.13390524
7.34	-0.26569074
7.36	-0.23153578
7.38	-0.07898506
7.4	0.00826434
7.42	-0.19971714
7.44	-0.43425172
7.46	-0.49213542
7.48	-0.1913401
7.5	-0.09189166
7.52	0.0222705
7.54	0.02103766
7.56	-0.0521311
7.58	-0.0926639
7.6	-0.25437174
7.62	-0.36782242
7.64	-0.52486742
7.66	-0.54104428
7.68	-0.42462028
7.7	-0.39740078
7.72	-0.55908804
7.74	-0.75554962
7.76	-0.36511566
7.78	-0.41066998
7.8	-0.09771776
7.82	0.2041683
7.84	0.24881416
7.86	0.40490072
7.88	0.41302688
7.9	0.47038824
7.92	0.43285326
7.94	0.45755612
7.96	0.05666556
7.98	-0.17744762
8	0.20788642
8.02	0.49162582
8.04	0.52954888
8.06	0.36140734
8.08	0.40515062
8.1	0.30737504
8.12	0.31623914
8.14	0.26500376
8.16	0.26525954
8.18	0.26913544
8.2	0.34503154
8.22	0.30872156
8.24	0.2164134
8.26	0.07811384
8.28	-0.08705046
8.3	-0.2806524
8.32	-0.3100622
8.34	-0.35754614
8.36	-0.3409273
8.38	-0.3580577
8.4	-0.28638932
8.42	-0.30458596
8.44	-0.11183858
8.46	-0.21420252
8.48	-0.13578978
8.5	-0.38354848
8.52	0.8604939
8.54	1.347646
8.56	1.3408683
8.58	1.3526617
8.6	1.1917427
8.62	1.0413637
8.64	0.8289036
8.66	0.6507494
8.68	0.44348332
8.7	0.25755282
8.72	0.0596722
8.74	0.09099692
8.76	0.18182724
8.78	0.14690592
8.8	-0.08444366
8.82	-0.16281622
8.84	-0.04967914
8.86	-0.26414724
8.88	-0.58188186
8.9	-0.86653364
8.92	-1.1989957
8.94	-1.6933743
8.96	-1.1105977
8.98	1.0996041
9	0.36609664
9.02	0.44502976
9.04	0.23563218
9.06	0.95955622
9.08	0.6551643
9.1	0.59652796
9.12	0.67001718
9.14	0.55156948
9.16	0.02694314
9.18	-0.37807028
9.2	-1.0715183
9.22	-1.6679012
9.24	-0.94663198
9.26	-0.40799654
9.28	-0.66680866
9.3	-0.1324078
9.32	0.09515016
9.34	0.52010658
9.36	0.82668292
9.38	1.1510492
9.4	1.1492391
9.42	0.80263372
9.44	0.3684506
9.46	-0.0290227
9.48	-0.54456444
9.5	-1.1772377
9.52	-1.6088552
9.54	0.26999882
9.56	-0.03361792
9.58	0.05579728
9.6	-0.01993712
9.62	-0.14591906
9.64	-0.53626188
9.66	-0.79721922
9.68	0.2052757
9.7	0.58976106
9.72	0.16900884
9.74	0.17482808
9.76	0.02812502
9.78	-0.07384986
9.8	-0.38214316
9.82	-0.56664678
9.84	-0.75268116
9.86	-0.80026506
9.88	-0.591724
9.9	-0.30421454
9.92	-0.02284772
9.94	-0.06380192
9.96	0.4053084
9.98	0.45058048
10	0.07859012
10.02	-0.16780246
10.04	-0.5668271
10.06	-0.09295888
10.08	0.0553357
10.1	-0.04432442
10.12	0.12293414
10.14	0.28139328
10.16	0.43651846
10.18	0.351379
10.2	0.25478236
10.22	0.1111565
10.24	-0.20503658
10.26	-0.51862874
10.28	-0.8531145
10.3	-1.1430955
10.32	-0.73269994
10.34	-0.2363711
10.36	0.36820462
10.38	0.27067796
10.4	0.21707098
10.42	0.8722
10.44	0.97210512
10.46	0.58867228
10.48	0.33593224
10.5	-0.07651252
10.52	-0.25891502
10.54	-0.5072529
10.56	-0.36097614
10.58	-0.08083726
10.6	0.05621672
10.62	0.20918786
10.64	0.31663898
10.66	0.2374736
10.68	0.37584274
10.7	0.549682
10.72	0.72169356
10.74	0.80271506
10.76	0.5223939
10.78	0.33942594
10.8	0.01145914
10.82	-0.06510336
10.84	0.0370244
10.86	0.00503818
10.88	0.16778874
10.9	0.40928524
10.92	0.08037666
10.94	-0.07936334
10.96	-0.37420516
10.98	-0.61469618
11	-0.66444392
11.02	-0.2537514
11.04	0.05703012
11.06	0.47404658
11.08	0.35558222
11.1	0.24235596
11.12	0.04807292
11.14	-0.12624164
11.16	-0.37885918
11.18	-0.24079678
11.2	0.2266446
11.22	0.42721238
11.24	0.67865882
11.26	0.66046806
11.28	0.58942296
11.3	0.51274776
11.32	0.40760454
11.34	0.3088666
11.36	0.26621994
11.38	0.54077674
11.4	0.62751556
11.42	0.90723892
11.44	1.1066454
11.46	0.88029774
11.48	0.76980764
11.5	0.58120174
11.52	0.47283432
11.54	0.33253066
11.56	0.1984843
11.58	-0.02004786
11.6	-0.21125762
11.62	-0.43204476
11.64	-0.61279106
11.66	-0.76650798
11.68	-0.93243668
11.7	-1.065554
11.72	-1.1292805
11.74	-1.1866889
11.76	-1.2459357
11.78	-1.3328813
11.8	-1.5930439
11.82	-1.7956814
11.84	-2.0360754
11.86	-1.2355683
11.88	-0.4416321
11.9	0.1402037
11.92	0.66515834
11.94	0.55502398
11.96	0.6920613
11.98	0.98301154
12	1.2455535
12.02	1.1783932
12.04	1.0488029
12.06	0.91942816
12.08	0.74297524
12.1	0.80884496
12.12	0.84983444
12.14	0.85957368
12.16	0.86227162
12.18	0.87238816
12.2	0.86758812
12.22	0.88393648
12.24	0.53680088
12.26	-0.05210856
12.28	-0.2146347
12.3	-0.24442768
12.32	-0.5791506
12.34	-0.31353728
12.36	-0.2360232
12.38	-0.48460412
12.4	-0.58838906
12.42	-0.52455676
12.44	-0.3550246
12.46	-0.1969261
12.48	-0.19934474
12.5	-0.49133868
12.52	-0.34284222
12.54	-0.2875516
12.56	-0.43219568
12.58	-0.2384291
12.6	-0.08759436
12.62	-0.07680652
12.64	0.1479506
12.66	0.07704466
12.68	0.01912274
12.7	-0.07501018
12.72	-0.04435578
12.74	0.14513996
12.76	0.31552374
12.78	0.24047338
12.8	0.02825928
12.82	-0.18139898
12.84	-0.42586194
12.86	-0.43863918
12.88	-0.5114277
12.9	-0.4655245
12.92	-0.47915826
12.94	-0.19299336
12.96	-0.2220484
12.98	-0.27354348
13	-0.39317698
13.02	-0.50409044
13.04	-0.57673098
13.06	-0.58736006
13.08	-0.82109986
13.1	-0.79605008
13.12	-0.9480716
13.14	-0.34483456
13.16	-0.04503198
13.18	0.12317522
13.2	0.34711208
13.22	0.42539448
13.24	0.41547688
13.26	0.27482434
13.28	0.27001058
13.3	-0.0739606
13.32	-0.4279072
13.34	0.230349
13.36	0.38632286
13.38	0.08334018
13.4	-0.13850046
13.42	-0.44464462
13.44	-0.02726458
13.46	0.69629686
13.48	0.79582762
13.5	0.25040372
13.52	0.13441386
13.54	-0.07854602
13.56	0.11538814
13.58	0.25052916
13.6	0.3331314
13.62	0.26853764
13.64	0.30078748
13.66	0.20025418
13.68	0.06694576
13.7	0.03841306
13.72	-0.10526866
13.74	-0.29615404
13.76	-0.34411622
13.78	-0.95587142
13.8	-0.897092
13.82	-0.17887744
13.84	0.36198652
13.86	0.9937004
13.88	0.80661742
13.9	0.74394936
13.92	0.5388873
13.94	0.32927706
13.96	0.12825162
13.98	-0.03134824
14	-0.14832398
14.02	-0.5072725
14.04	0.02221758
14.06	0.48910428
14.08	0.35791658
14.1	0.69092058
14.12	0.51549764
14.14	0.37116912
14.16	-0.08824802
14.18	-0.63154728
14.2	-0.84013538
14.22	-1.2748134
14.24	-1.3875261
14.26	-1.1923454
14.28	-0.75048596
14.3	-0.22456504
14.32	0.08825292
14.34	0.22694252
14.36	-0.07435848
14.38	-0.18107264
14.4	-0.54406954
14.42	-0.39911088
14.44	-0.04494672
14.46	0.08230334
14.48	0.18493188
14.5	0.02021348
14.52	-0.0062916
14.54	0.11647692
14.56	0.209769
14.58	0.30239174
14.6	0.51116114
14.62	0.72617118
14.64	0.57816962
14.66	0.26610332
14.68	0.17822574
14.7	-0.04016628
14.72	-0.09821266
14.74	-0.13685602
14.76	-0.22096844
14.78	-0.43716624
14.8	-0.0909587
14.82	0.5477024
14.84	0.55491422
14.86	0.2433242
14.88	0.0804776
14.9	-0.24991078
14.92	-0.40967724
14.94	-0.18208792
14.96	0.02705878
14.98	0.2428832
15	0.01457064
15.02	-0.24678066
15.04	-0.48184738
15.06	-0.78242318
15.08	-0.62110734
15.1	-0.33036486
15.12	0.0138474
15.14	0.19441632
15.16	0.24662288
15.18	0.21157416
15.2	0.1098482
15.22	-0.0498428
15.24	-0.24077914
15.26	0.03392956
15.28	0.21609882
15.3	0.47093214
15.32	0.3622619
15.34	0.19441338
15.36	0.01792518
15.38	-0.1702309
15.4	0.07956424
15.42	-0.00533414
15.44	-0.22982274
15.46	-0.37339666
15.48	-0.600642
15.5	-0.51606506
15.52	-0.43158514
15.54	-0.3433969
15.56	-0.50489796
15.58	-0.65279466
15.6	-0.6825749
15.62	-0.171892
15.64	0.16993984
15.66	0.52689308
15.68	0.6631954
15.7	0.38698632
15.72	0.2221562
15.74	0.03260068
15.76	-0.11846338
15.78	0.12774202
15.8	0.35033922
15.82	0.51386594
15.84	0.33518156
15.86	0.21752276
15.88	0.01189524
15.9	-0.14156982
15.92	-0.06996122
15.94	0.06303164
15.96	0.120148
15.98	0.32191432
16	0.34609876
16.02	0.09118508
16.04	-0.07317268
16.06	-0.30857652
16.08	-0.47145938
16.1	-0.60268334
16.12	-0.57603322
16.14	-0.32986604
16.16	0.07311192
16.18	0.77691754
16.2	0.60805374
16.22	0.4376484
16.24	0.20874098
16.26	-0.03071908
16.28	-0.34970712
16.3	-0.29281518
16.32	-0.12103294
16.34	-0.33769036
16.36	-0.31690848
16.38	-0.25408264
16.4	-0.20613614
16.42	-0.19833926
16.44	-0.17358544
16.46	-0.0206437
16.48	0.14428246
16.5	0.34239436
16.52	0.33909372
16.54	0.14473326
16.56	0.02843862
16.58	-0.16961252
16.6	0.09643298
16.62	0.25532038
16.64	0.2783396
16.66	0.38742634
16.68	0.24139556
16.7	0.2146004
16.72	0.18193896
16.74	0.17426262
16.76	0.03786916
16.78	0.02696862
16.8	0.18454674
16.82	0.12336142
16.84	-0.08705144
16.86	-0.34276186
16.88	-0.6941585
16.9	-0.9097634
16.92	-0.85262646
16.94	-0.7598038
16.96	-0.512344
16.98	-0.18550224
17	-0.0147588
17.02	0.19012882
17.04	0.15078574
17.06	0.07284438
17.08	-0.02107882
17.1	-0.1284535
17.12	-0.21508942
17.14	-0.02365916
17.16	0.12341924
17.18	0.32828334
17.2	0.51899232
17.22	0.70795788
17.24	0.5781902
17.26	0.4614281
17.28	0.30699382
17.3	0.14445298
17.32	0.00888272
17.34	0.180222
17.36	0.31745434
17.38	0.46488358
17.4	0.3908534
17.42	0.34503644
17.44	0.31561096
17.46	0.4350661
17.48	0.49024108
17.5	0.474565
17.52	0.41934396
17.54	0.36038422
17.56	0.27642958
17.58	0.25739014
17.6	0.13923448
17.62	0.0679777
17.64	-0.50649928
17.66	-0.72200814
17.68	-0.87695006
17.7	-0.78124326
17.72	-0.76452054
17.74	-0.43829716
17.76	-0.07952406
17.78	-0.01262926
17.8	0.12630632
17.82	0.01515864
17.84	-0.02968126
17.86	-0.10421222
17.88	-0.10379964
17.9	-0.19295808
17.92	-0.20448484
17.94	-0.0740145
17.96	0.05575808
17.98	0.07225834
18	-0.06972308
18.02	-0.10553424
18.04	-0.14681478
18.06	0.00868574
18.08	0.15883546
18.1	0.18669392
18.12	0.00715694
18.14	-0.15496446
18.16	-0.10522162
18.18	0.11485012
18.2	0.30181452
18.22	0.30894108
18.24	0.0945847
18.26	0.05784254
18.28	-0.00447174
18.3	-0.01957256
18.32	-0.05017698
18.34	-0.05729178
18.36	-0.09723952
18.38	-0.1341277
18.4	-0.17703504
18.42	-0.21806568
18.44	-0.26118274
18.46	-0.30160284
18.48	-0.34559308
18.5	-0.38576622
18.52	-0.47377414
18.54	-0.39275754
18.56	-0.23780778
18.58	-0.11457866
18.6	0.0790566
18.62	0.12387004
18.64	-0.0542381
18.66	-0.02666482
18.68	0.24954132
18.7	0.56540414
18.72	0.62935306
18.74	0.59096744
18.76	0.41319152
18.78	0.06833148
18.8	-0.27165306
18.82	-0.2764678
18.84	0.02128364
18.86	0.06003578
18.88	0.10984428
18.9	0.2211468
18.92	0.41620894
18.94	0.51823478
18.96	0.22223656
18.98	-0.0298704
19	-0.07887726
19.02	-0.13841814
19.04	-0.1708532
19.06	-0.25320652
19.08	-0.32234944
19.1	-0.39048884
19.12	-0.16431758
19.14	0.13568002
19.16	0.32294234
19.18	0.29108254
19.2	0.28679798
19.22	0.30391858
19.24	0.33851062
19.26	0.24458644
19.28	0.07636944
19.3	-0.12457564
19.32	-0.37557716
19.34	-0.40186762
19.36	-0.24526264
19.38	-0.15563086
19.4	0.04006534
19.42	0.15291136
19.44	0.28895496
19.46	0.31582558
19.48	0.11134564
19.5	-0.09417996
19.52	-0.33495616
19.54	-0.57542758
19.56	-0.4239284
19.58	-0.14302806
19.6	0.0069825
19.62	0.1348382
19.64	0.26954018
19.66	0.34116446
19.68	0.3565975
19.7	0.39621596
19.72	0.4021038
19.74	0.4879077
19.76	0.47919256
19.78	0.40545246
19.8	0.40641972
19.82	0.35058128
19.84	0.18691932
19.86	0.05709284
19.88	-0.04348064
19.9	0.01889832
19.92	0.07196826
19.94	0.16908822
19.96	0.11448654
19.98	-0.12625242
20	-0.35807338
20.02	-0.65321312
20.04	-0.71593312
20.06	-0.76145314
20.08	-0.7382781
20.1	-0.6275283
20.12	-0.4832821
20.14	-0.26397672
20.16	0.0442715
20.18	0.28799946
20.2	0.38405612
20.22	0.4918669
20.24	0.4281424
20.26	0.4157699
20.28	0.27604934
20.3	0.0515823
20.32	-0.2366259
20.34	-0.42580608
20.36	-0.60317432
20.38	-0.45166828
20.4	-0.28396382
20.42	-0.1255919
20.44	0.0539539
20.46	0.27455288
20.48	0.42225554
20.5	0.17442138
20.52	-0.00120246
20.54	-0.25352992
20.56	-0.48116628
20.58	-0.64084356
20.6	-0.55391658
20.62	-0.41267996
20.64	-0.18387348
20.66	0.04826696
20.68	0.30323552
20.7	0.53111688
20.72	0.70796572
20.74	0.92722112
20.76	0.86245782
20.78	0.63065842
20.8	0.37603286
20.82	-0.08706222
20.84	-0.30852948
20.86	-0.58903684
20.88	-0.61331046
20.9	-0.38467058
20.92	-0.3503353
20.94	-0.31081582
20.96	-0.24615248
20.98	-0.01926288
21	0.19829222
21.02	0.15810438
21.04	0.01486758
21.06	-0.09876048
21.08	-0.28596106
21.1	-0.40763394
21.12	-0.56248668
21.14	-0.5302976
21.16	-0.31367938
21.18	-0.16450672
21.2	0.02416386
21.22	0.18916646
21.24	0.2760807
21.26	0.37032338
21.28	0.44970534
21.3	0.5337668
21.32	0.48287344
21.34	0.3782751
21.36	0.29621872
21.38	0.19602548
21.4	0.18435564
21.42	0.1586424
21.44	0.11907098
21.46	0.05337178
21.48	-0.00230692
21.5	-0.0584766
21.52	0.02336124
21.54	0.1118817
21.56	0.20495328
21.58	0.32133514
21.6	0.38745084
21.62	0.3410253
21.64	0.28660394
21.66	0.32802952
21.68	0.40650988
21.7	0.4869571
21.72	0.56259252
21.74	0.64323378
21.76	0.5541361
21.78	0.44599212
21.8	0.0076391
21.82	-0.2524382
21.84	-0.41061314
21.86	-0.6434925
21.88	-0.57832054
21.9	-0.47335078
21.92	-0.38407474
21.94	-0.38479994
21.96	-0.33996984
21.98	-0.3563868
22	-0.0076979
22.02	0.25428942
22.04	0.4594338
22.06	0.47018342
22.08	0.22156232
22.1	0.06507396
22.12	-0.16345126
22.14	-0.3544709
22.16	-0.50317316
22.18	-0.37035278
22.2	-0.27994974
22.22	-0.15785546
22.24	-0.0410767
22.26	0.02705094
22.28	-0.02125032
22.3	-0.0439726
22.32	-0.09926812
22.34	-0.13452852
22.36	-0.0937223
22.38	-0.05791114
22.4	-0.02193338
22.42	0.03082198
22.44	0.03049662
22.46	-0.0042336
22.48	0.02529772
22.5	0.12362406
22.52	0.23522842
22.54	0.40566512
22.56	0.52969588
22.58	0.70043344
22.6	0.32254544
22.62	0.05242706
22.64	-0.094031
22.66	-0.32754442
22.68	-0.477848
22.7	-0.5088944
22.72	-0.3578715
22.74	-0.34152608
22.76	-0.30616964
22.78	-0.28477232
22.8	-0.26238324
22.82	-0.16741144
22.84	0.00470008
22.86	0.21234542
22.88	0.36519994
22.9	0.31011512
22.92	0.29722126
22.94	0.28003598
22.96	0.23700222
22.98	0.26539772
23	0.3077788
23.02	0.36547336
23.04	0.35639562
23.06	0.30811984
23.08	0.19271504
23.1	-0.0193501
23.12	-0.19563054
23.14	-0.15940974
23.16	-0.12878278
23.18	-0.1396108
23.2	-0.1100883
23.22	-0.1075697
23.24	-0.0919681
23.26	-0.0892633
23.28	-0.01874348
23.3	0.13057716
23.32	0.24654448
23.34	0.43601572
23.36	0.4312882
23.38	0.29971536
23.4	0.1918742
23.42	0.04754176
23.44	-0.09697688
23.46	-0.16757412
23.48	-0.1478428
23.5	-0.17255252
23.52	-0.07755328
23.54	0.0580209
23.56	0.2143799
23.58	0.23353302
23.6	-0.06009556
23.62	-0.2618462
23.64	-0.26845924
23.66	-0.08374688
23.68	0.04107082
23.7	0.22640548
23.72	0.07602056
23.74	-0.03053288
23.76	-0.1823535
23.78	-0.31003966
23.8	-0.47836838
23.82	-0.4587821
23.84	-0.16542302
23.86	0.05793662
23.88	0.39603956
23.9	0.44380868
23.92	0.24061254
23.94	0.10081652
23.96	-0.2164722
23.98	-0.2607388
24	-0.12133282
24.02	-0.00775964
24.04	0.16813958
24.06	0.38197264
24.08	0.56562268
24.1	0.7809228
24.12	0.61839078
24.14	0.25620728
24.16	-0.04391282
24.18	-0.45580682
24.2	-0.78282204
24.22	-1.1027205
24.24	-0.95228462
24.26	-0.48910036
24.28	-0.12192376
24.3	0.38676288
24.32	0.84577528
24.34	1.2248197
24.36	0.8635025
24.38	0.6155478
24.4	0.22789606
24.42	-0.15019186
24.44	-0.47678176
24.46	-0.32312658
24.48	-0.24762444
24.5	-0.09497474
24.52	-0.22681316
24.54	-0.33757178
24.56	-0.50476076
24.58	-0.59367616
24.6	-0.5182779
24.62	-0.55163122
24.64	-0.59505306
24.66	-0.61644744
24.68	-0.59284316
24.7	-0.4654069
24.72	-0.15744582
24.74	0.07674184
24.76	0.23022944
24.78	0.30309538
24.8	0.32857244
24.82	0.36393868
24.84	0.49012348
24.86	0.65987908
24.88	0.72215514
24.9	0.78334634
24.92	0.84577822
24.94	0.5651954
24.96	0.2092447
24.98	-0.12834962
25	-0.38120726
25.02	-0.4876774
25.04	-0.3625265
25.06	-0.24939824
25.08	-0.15768592
25.1	-0.3762563
25.12	-0.5939388
25.14	-0.62944714
25.16	-0.37002644
25.18	-0.2170014
25.2	-0.03964394
25.22	-0.02279676
25.24	0.06179586
25.26	0.28595812
25.28	0.37935604
25.3	0.45692402
25.32	0.50475292
25.34	0.77621194
25.36	0.6272637
25.38	0.18865294
25.4	-0.18867646
25.42	-0.50853572
25.44	-0.74370828
25.46	-0.74810848
25.48	-0.561736
25.5	-0.4549013
25.52	-0.52498992
25.54	-0.63459018
25.56	-0.73067036
25.58	-0.85059982
25.6	-0.92663704
25.62	-0.97448946
25.64	-0.92859116
25.66	-0.81361462
25.68	-0.26363862
25.7	0.28907942
25.72	0.90013098
25.74	1.3632682
25.76	0.8583624
25.78	0.46803918
25.8	-0.08105972
25.82	-0.59313618
25.84	-0.82266982
25.86	-0.55599516
25.88	-0.30129414
25.9	0.01123668
25.92	0.38012436
25.94	0.34696998
25.96	0.02015272
25.98	-0.17980354
26	-0.6327223
26.02	-1.0125468
26.04	-1.1216629
26.06	-1.1062446
26.08	-0.93942506
26.1	-0.80442908
26.12	-0.6073207
26.14	-0.50744498
26.16	-0.20597738
26.18	0.20064226
26.2	0.57158108
26.22	1.0198537
26.24	1.3309262
26.26	1.2246413
26.28	1.2058008
26.3	1.0051027
26.32	0.76171284
26.34	0.5475848
26.36	0.4889367
26.38	0.40483996
26.4	0.29038576
26.42	0.17555524
26.44	0.1413013
26.46	0.0975688
26.48	0.0503475
26.5	-0.0194775
26.52	-0.08020124
26.54	-0.0352751
26.56	0.0286013
26.58	0.0604954
26.6	0.03441466
26.62	0.01286642
26.64	-0.0761705
26.66	-0.20456912
26.68	-0.32661342
26.7	-0.44963184
26.72	-0.57700734
26.74	-0.56207704
26.76	-0.46370954
26.78	-0.29940666
26.8	-0.10735018
26.82	0.00372596
26.84	0.03282804
26.86	0.06944378
26.88	0.10120754
26.9	0.20060698
26.92	0.18787972
26.94	-0.02514386
26.96	-0.13385134
26.98	-0.24329676
27	-0.26554472
27.02	-0.2651831
27.04	-0.15530452
27.06	0.01881306
27.08	0.09527168
27.1	0.21600866
27.12	0.16728698
27.14	0.12039006
27.16	0.06433308
27.18	0.12853974
27.2	0.16332288
27.22	0.19244652
27.24	0.24167388
27.26	0.2358027
27.28	0.17488198
27.3	0.12348196
27.32	0.18461338
27.34	0.2648254
27.36	0.32281592
27.38	0.33612628
27.4	0.4532451
27.42	0.42971922
27.44	0.33377918
27.46	0.2128119
27.48	0.06925758
27.5	-0.03000074
27.52	-0.0030429
27.54	0.09265704
27.56	0.088935
27.58	0.1503075
27.6	0.16409512
27.62	0.23757062
27.64	0.32238472
27.66	0.42101682
27.68	0.45681524
27.7	0.39628358
27.72	0.34919654
27.74	0.25831428
27.76	0.17198412
27.78	0.01956276
27.8	-0.15630314
27.82	-0.28378938
27.84	-0.3619434
27.86	-0.35412594
27.88	-0.26884242
27.9	-0.10089394
27.92	0.04533774
27.94	0.12512542
27.96	0.2451225
27.98	0.22841644
28	0.125489
28.02	0.06825798
28.04	-0.01823584
28.06	-0.09309608
28.08	-0.2000621
28.1	-0.28623252
28.12	-0.36444436
28.14	-0.31071586
28.16	-0.18050522
28.18	-0.02429714
28.2	0.15558382
28.22	0.3186421
28.24	0.21880068
28.26	0.1174383
28.28	-0.01508612
28.3	-0.15248114
28.32	-0.29765246
28.34	-0.24276364
28.36	-0.13588484
28.38	-0.1016113
28.4	-0.0241619
28.42	0.01014006
28.44	0.02288202
28.46	0.0355887
28.48	0.04804156
28.5	0.0887145
28.52	0.15505658
28.54	0.14807016
28.56	0.07581868
28.58	0.00021756
28.6	0.02034578
28.62	0.14790846
28.64	0.22490608
28.66	0.3733408
28.68	0.3644473
28.7	0.25083688
28.72	0.16349242
28.74	0.01441286
28.76	-0.15246938
28.78	-0.30223102
28.8	-0.39249098
28.82	-0.40603948
28.84	-0.38518508
28.86	-0.32870474
28.88	-0.18263574
28.9	-0.12524694
28.92	-0.07001414
28.94	0.000539
28.96	0.06782972
28.98	0.12956188
29	0.1280909
29.02	0.11469724
29.04	0.10178378
29.06	0.08373512
29.08	0.14046144
29.1	0.20445544
29.12	0.26847884
29.14	0.3498012
29.16	0.35911708
29.18	0.29718598
29.2	0.22675828
29.22	-0.01804768
29.24	-0.09928282
29.26	-0.20323142
29.28	-0.25543112
29.3	-0.19918206
29.32	-0.1594607
29.34	-0.10698268
29.36	-0.15598268
29.38	-0.1981756
29.4	-0.2421776
29.42	-0.1413503
29.44	-0.05473692
29.46	0.06578642
29.48	0.09692592
29.5	0.02561328
29.52	-0.015778
29.54	-0.10032358
29.56	-0.09408686
29.58	-0.03918138
29.6	-0.00030184
29.62	0.06633228
29.64	0.09911524
29.66	0.10868102
29.68	0.11453652
29.7	0.13096622
29.72	0.16782206
29.74	0.198744
29.76	0.10440136
29.78	0.00957656
29.8	-0.05446448
29.82	-0.1285907
29.84	-0.20010816
29.86	-0.1989939
29.88	-0.16851296
29.9	-0.1433593
29.92	-0.108731
29.94	-0.12823888
29.96	-0.15192744
29.98	-0.13732838
30	-0.11668076
30.02	-0.0970494
30.04	-0.05977902
30.06	0.02771146
30.08	0.04998392
30.1	0.08428686
30.12	0.17799152
30.14	0.32045412
30.16	0.41929986
30.18	0.51812404
30.2	0.4713065
30.22	0.3940531
30.24	0.28932344
30.26	0.10990504
30.28	-0.05038572
30.3	-0.1317218
30.32	-0.1571087
30.34	-0.17721732
30.36	-0.1948926
30.38	-0.25509596
30.4	-0.33083722
30.42	-0.3282118
30.44	-0.2519972
30.46	-0.17321108
30.48	-0.04521622
30.5	0.08473276
30.52	0.18963196
30.54	0.22897406
30.56	0.30379706
30.58	0.27671378
30.6	0.22653484
30.62	0.17366972
30.64	0.1210055
30.66	0.12600644
30.68	0.12896604
30.7	0.08010324
30.72	0.02572304
30.74	-0.03866982
30.76	-0.06471136
30.78	-0.0550417
30.8	-0.05031124
30.82	-0.06345696
30.84	-0.12625732
30.86	-0.17911754
30.88	-0.24284694
30.9	-0.30699382
30.92	-0.29755348
30.94	-0.2507624
30.96	-0.2158205
30.98	-0.16268098
31	-0.1915557
31.02	-0.2337006
31.04	-0.28192738
31.06	-0.30070614
31.08	-0.19569424
31.1	-0.10622808
31.12	0.03880212
31.14	0.16296224
31.16	0.32173204
31.18	0.33445538
31.2	0.21918288
31.22	0.14812308
31.24	0.01024002
31.26	-0.01100246
31.28	0.0532777
31.3	0.10118402
31.32	0.12614168
31.34	0.1429673
31.36	0.1285368
31.38	0.10346938
31.4	0.07113232
31.42	0.0182133
31.44	-0.03343172
31.46	-0.08539916
31.48	-0.15834448
31.5	-0.23834384
31.52	-0.31858232
31.54	-0.34050982
31.56	-0.31799726
31.58	-0.21319606
31.6	-0.0729757
31.62	-0.0092904
31.64	0.01490482
31.66	0.04689104
31.68	0.07492002
31.7	0.12053902
31.72	0.15574454
31.74	0.11633678
31.76	0.05559834
31.78	0.00626318
31.8	0.00270382
31.82	0.00323204
31.84	-0.01362984
31.86	-0.04609038
31.88	-0.07236908
31.9	-0.08581272
31.92	-0.09834888
31.94	-0.1234751
31.96	-0.14696668
31.98	-0.17200078
32	-0.20001702
32.02	-0.25564182
32.04	-0.31707508
32.06	-0.2870028
32.08	-0.23060674
32.1	-0.10458756
32.12	0.00073598
32.14	0.01064672
32.16	0.03591602
32.18	0.05301604
32.2	0.0833196
32.22	0.052381
32.24	0.00706776
32.26	-0.03709104
32.28	-0.09621836
32.3	-0.15511538
32.32	-0.2048004
32.34	-0.14320348
32.36	-0.07342356
32.38	-0.02134734
32.4	0.0222019
32.42	0.07002688
32.44	0.10031966
32.46	0.0751807
32.48	0.05407052
32.5	0.02862188
32.52	0.01482642
32.54	-0.00020188
32.56	0.00107114
32.58	0.0056448
32.6	0.01081234
32.62	0.01014986
32.64	0.00280672
32.66	-0.0010682
32.68	-0.01563786
32.7	-0.05266422
32.72	-0.08598814
32.74	-0.12618186
32.76	-0.1538845
32.78	-0.13092898
32.8	-0.102361
32.82	-0.0558061
32.84	-0.00620046
32.86	0.04015452
32.88	0.09743944
32.9	0.09617818
32.92	0.04558078
32.94	0.00680904
32.96	-0.03132276
32.98	-0.04516624
33	-0.06793752
33.02	-0.05211346
33.04	-0.0444871
33.06	-0.01801338
33.08	0.00168364
33.1	0.02943234
33.12	0.02836022
33.14	0.01735874
33.16	0.00646604
33.18	0.00544292
33.2	0.01669626
33.22	0.02227246
33.24	0.0361963
33.26	0.03209696
33.28	0.00732942
33.3	-0.01417864
33.32	-0.04144224
33.34	-0.0646996
33.36	-0.06268962
33.38	-0.05235258
33.4	-0.00570262
33.42	0.0450065
33.44	0.07558936
33.46	0.06375978
33.48	0.06529152
33.5	0.10694152
33.52	0.1604848
33.54	0.17341002
33.56	0.11709236
33.58	0.07000728
33.6	0.03598952
33.62	0.02480576
33.64	0.00201978
33.66	-0.00446096
33.68	-0.03646678
33.7	-0.08192114
33.72	-0.1145277
33.74	-0.07015036
33.76	-0.03845716
33.78	0.0097118
33.8	0.02494394
33.82	0.03377962
33.84	0.0409297
33.86	0.04467232
33.88	0.06486228
33.9	0.12033518
33.92	0.1171051
33.94	0.10790878
33.96	0.09774912
33.98	0.08079708
34	0.07632338
34.02	0.10969042
34.04	0.1377047
34.06	0.16555532
34.08	0.14404628
34.1	0.12985882
34.12	0.11126724
34.14	0.10819592
34.16	0.09743454
34.18	0.09788338
34.2	0.06278566
34.22	0.00154154
34.24	-0.05398428
34.26	-0.10943268
34.28	-0.15196272
34.3	-0.19683398
34.32	-0.16988888
34.34	-0.13950398
34.36	-0.10325868
34.38	-0.063504
34.4	-0.01015182
34.42	0.06652534
34.44	0.10535196
34.46	0.12147296
34.48	0.1379742
34.5	0.16569448
34.52	0.21516096
34.54	0.26860134
34.56	0.27340628
34.58	0.2171092
34.6	0.17803464
34.62	0.1160565
34.64	0.0611226
34.66	-0.00016366
34.68	-0.0540911
34.7	-0.09909074
34.72	-0.14370916
34.74	-0.18669294
34.76	-0.23138976
34.78	-0.26154828
34.8	-0.25445896
34.82	-0.22713362
34.84	-0.1710786
34.86	-0.12643078
34.88	-0.05352466
34.9	0.04717132
34.92	0.14874244
34.94	0.21017864
34.96	0.25421592
34.98	0.25156894
35	0.2449216
35.02	0.22624868
35.04	0.17860402
35.06	0.1361563
35.08	0.08212106
35.1	0.01386602
35.12	-0.04376582
35.14	-0.08915746
35.16	-0.09702686
35.18	-0.09967188
35.2	-0.10031574
35.22	-0.10380944
35.24	-0.13571432
35.26	-0.12138182
35.28	-0.09949156
35.3	-0.07202118
35.32	-0.01857492
35.34	0.02790256
35.36	0.0827708
35.38	0.13104756
35.4	0.1902376
35.42	0.19349218
35.44	0.13908552
35.46	0.09959446
35.48	0.04350416
35.5	0.043904
35.52	0.04022116
35.54	0.04518486
35.56	0.04903528
35.58	0.03875214
35.6	0.02130618
35.62	0.02229696
35.64	0.01572116
35.66	0.01648556
35.68	0.01202362
35.7	0.01201186
35.72	-0.0284445
35.74	-0.06841184
35.76	-0.11501378
35.78	-0.0954765
35.8	-0.05558854
35.82	-0.01666
35.84	0.03070438
35.86	0.07771498
35.88	0.09221212
35.9	0.09202494
35.92	0.0949032
35.94	0.09175152
35.96	0.08578332
35.98	0.05176458
36	0.02177462
36.02	-0.01434818
36.04	-0.03837288
36.06	-0.03390604
36.08	-0.03399914
36.1	-0.02865128
36.12	-0.03977428
36.14	-0.05391568
36.16	-0.0672868
36.18	-0.08529038
36.2	-0.08688092
36.22	-0.07701624
36.24	-0.07023464
36.26	-0.06114318
36.28	-0.0744849
36.3	-0.08653792
36.32	-0.10161424
36.34	-0.11116336
36.36	-0.09015216
36.38	-0.07521304
36.4	-0.05291804
36.42	-0.0620046
36.44	-0.0791938
36.46	-0.09662408
36.48	-0.1179087
36.5	-0.1344609
36.52	-0.1047081
36.54	-0.07736512
36.56	-0.0443499
36.58	-0.01153166
36.6	0.021266
36.62	0.04237422
36.64	0.06771016
36.66	0.08730722
36.68	0.1203636
36.7	0.15934016
36.72	0.19828928
36.74	0.23282742
36.76	0.2577988
36.78	0.27020168
36.8	0.27808186
36.82	0.2867284
36.84	0.27811322
36.86	0.27023402
36.88	0.25815748
36.9	0.25042234
36.92	0.21868406
36.94	0.17249568
36.96	0.1293453
36.98	0.10915828
37	0.104566
37.02	0.09529716
37.04	0.0905471
37.06	0.07196434
37.08	0.0586138
37.1	0.0399056
37.12	0.02322306
37.14	-0.01813392
37.16	-0.03498502
37.18	-0.04156964
37.2	-0.04815132
37.22	-0.04308962
37.24	-0.04258982
37.26	-0.03764082
37.28	-0.03575432
37.3	-0.03190978
37.32	-0.04723992
37.34	-0.06341874
37.36	-0.08501108
37.38	-0.10982762
37.4	-0.13433056
37.42	-0.15949108
37.44	-0.1810207
37.46	-0.17293864
37.48	-0.16788086
37.5	-0.1585934
37.52	-0.14665602
37.54	-0.10755794
37.56	-0.06802964
37.58	-0.0322224
37.6	-0.00940408
37.62	-0.01906688
37.64	-0.0275037
37.66	-0.04010454
37.68	-0.05424986
37.7	-0.06935362
37.72	-0.094619
37.74	-0.1168797
37.76	-0.143276
37.78	-0.14251846
37.8	-0.1254057
37.82	-0.12163466
37.84	-0.12357506
37.86	-0.12637982
37.88	-0.1302812
37.9	-0.13319474
37.92	-0.10581256
37.94	-0.0785323
37.96	-0.04628148
37.98	-0.01996358
38	-0.00507444
38.02	0.01063496
38.04	0.02517522
38.06	0.01059086
38.08	-0.01847888
38.1	-0.0425908
38.12	-0.07546588
38.14	-0.1031793
38.16	-0.1328488
38.18	-0.10081162
38.2	-0.06197618
38.22	-0.0180467
38.24	0.02743902
38.26	0.07972398
38.28	0.0891506
38.3	0.0542822
38.32	0.0300909
38.34	-0.00621124
38.36	-0.01201382
38.38	-0.02158352
38.4	-0.02651586
38.42	-0.03167066
38.44	-0.04844238
38.46	-0.06935166
38.48	-0.08923782
38.5	-0.11158182
38.52	-0.13268612
38.54	-0.14002534
38.56	-0.13739894
38.58	-0.14023898
38.6	-0.13443934
38.62	-0.13845048
38.64	-0.10239922
38.66	-0.02959404
38.68	0.03217046
38.7	0.06317374
38.72	0.08514926
38.74	0.11222078
38.76	0.15733802
38.78	0.19711524
38.8	0.18825702
38.82	0.1819958
38.84	0.1702064
38.86	0.15559068
38.88	0.14189616
38.9	0.128478
38.92	0.12447666
38.94	0.12008038
38.96	0.11632012
38.98	0.1143317
39	0.10619868
39.02	0.06416158
39.04	0.02082892
39.06	-0.0023226
39.08	0.00440706
39.1	0.0042238
39.12	0.01368668
39.14	0.01943928
39.16	0.00847308
39.18	-0.01114946
39.2	-0.02665502
39.22	-0.05007212
39.24	-0.05310522
39.26	-0.04165196
39.28	-0.02985766
39.3	-0.01106812
39.32	0.00464324
39.34	0.02393062
39.36	0.01968722
39.38	0.0071883
39.4	-0.00420812
39.42	-0.0192668
39.44	-0.03345328
39.46	-0.04748786
39.48	-0.05653032
39.5	-0.06498086
39.52	-0.07369698
39.54	-0.08102934
39.56	-0.09122526
39.58	-0.12705994
39.6	-0.1687952
39.62	-0.143913
39.64	-0.10489332
39.66	-0.07015036
39.68	-0.03494876
39.7	-0.00173852
39.72	0.03176866
39.74	0.0639646
39.76	0.09491888
39.78	0.09080484
39.8	0.08340388
39.82	0.07310996
39.84	0.05067776
39.86	0.03015656
39.88	0.0036603
39.9	-0.03322004
39.92	-0.05198214
39.94	-0.04386088
39.96	-0.0400624
39.98	-0.02975868
40	-0.02042124
40.02	-0.00994994
40.04	-0.00069776
40.06	0.01037428
40.08	0.01381212
40.1	-0.00170814
40.12	-0.01560258
40.14	-0.0297136
40.16	-0.02254196
40.18	-0.01599262
40.2	-0.0163905
40.22	-0.02647862
40.24	-0.0324233
40.26	-0.04449004
40.28	-0.0459326
40.3	-0.02080344
40.32	0.0031899
40.34	0.02991646
40.36	0.05968004
40.38	0.08740228
40.4	0.11555768
40.42	0.10701404
40.44	0.0935312
40.46	0.07805896
40.48	0.06841282
40.5	0.06331682
40.52	0.05746034
40.54	0.05033182
40.56	0.04132562
40.58	0.03258206
40.6	0.02356116
40.62	0.01414532
40.64	0.00538706
40.66	-0.00415226
40.68	-0.01302518
40.7	-0.02053198
40.72	-0.00137886
40.74	0.0181349
40.76	0.04013688
40.78	0.06373038
40.8	0.08694462
40.82	0.10980704
40.84	0.12926396
40.86	0.15060738
40.88	0.16465274
40.9	0.17425674
40.92	0.18407242
40.94	0.19368034
40.96	0.20137138
40.98	0.21236698
41	0.19758662
41.02	0.17243198
41.04	0.13522236
41.06	0.06490736
41.08	0.01394442
41.1	-0.02004198
41.12	-0.05507698
41.14	-0.08225434
41.16	-0.08883308
41.18	-0.1015574
41.2	-0.09317056
41.22	-0.08024534
41.24	-0.060907
41.26	-0.03258108
41.28	-0.00347312
41.3	0.02390808
41.32	0.05660774
41.34	0.04544456
41.36	0.01266846
41.38	-0.01343972
41.4	-0.03289664
41.42	-0.04769954
41.44	-0.05424104
41.46	-0.05806206
41.48	-0.06220158
41.5	-0.06520136
41.52	-0.06855492
41.54	-0.07181832
41.56	-0.07514346
41.58	-0.07737198
41.6	-0.0725151
41.62	-0.06863528
41.64	-0.06360984
41.66	-0.05839918
41.68	-0.05349134
41.7	-0.04836888
41.72	-0.06052872
41.74	-0.07897624
41.76	-0.0963732
41.78	-0.11383876
41.8	-0.12549292
41.82	-0.13842206
41.84	-0.13128178
41.86	-0.123284
41.88	-0.11378388
41.9	-0.1026011
41.92	-0.08742482
41.94	-0.07176834
41.96	-0.0561491
41.98	-0.03969882
42	-0.0240051
42.02	-0.00727944
42.04	-0.00358778
42.06	-0.00818202
42.08	-0.00874454
42.1	-0.02268112
42.12	-0.04188324
42.14	-0.05238786
42.16	-0.06135094
42.18	-0.07152726
42.2	-0.07877534
42.22	-0.0886361
42.24	-0.0948297
42.26	-0.09522758
42.28	-0.09254924
42.3	-0.08874488
42.32	-0.0246421
42.34	0.00018914
42.36	0.00481376
42.38	0.02021642
42.4	0.02361114
42.42	0.0331583
42.44	0.0481131
42.46	0.06431642
42.48	0.08029434
42.5	0.0973924
42.52	0.11433268
42.54	0.12755484
42.56	0.10640644
42.58	0.08885562
42.6	0.06617254
42.62	0.04330424
42.64	0.01943144
42.66	0.0107996
42.68	0.00863086
42.7	0.0049637
42.72	0.00406406
42.74	-0.00503034
42.76	-0.01418942
42.78	-0.02402568
42.8	-0.03449698
42.82	-0.04273682
42.84	-0.0438305
42.86	-0.03869922
42.88	-0.01299872
42.9	0.00820456
42.92	0.0355593
42.94	0.04704784
42.96	0.05485158
42.98	0.06163808
43	0.0682717
43.02	0.07286692
43.04	0.08025122
43.06	0.0749455
43.08	0.06398714
43.1	0.02843372
43.12	-0.00517734
43.14	-0.04622562
43.16	-0.06446538
43.18	-0.05997404
43.2	-0.06022688
43.22	-0.05368538
43.24	-0.04911466
43.26	-0.0435365
43.28	-0.0391314
43.3	-0.02870714
43.32	-0.00028126
43.34	0.02566228
43.36	0.05151664
43.38	0.0417529
43.4	0.0368872
43.42	0.0253869
43.44	0.01500086
43.46	0.00196588
43.48	-0.00223342
43.5	-0.00022834
43.52	0.00126126
43.54	0.00390138
43.56	0.00734804
43.58	0.00552622
43.6	0.0010241
43.62	-0.00319872
43.64	-0.00659736
43.66	0.00102116
43.68	0.00730884
43.7	0.01527624
43.72	0.02366112
43.74	0.02931964
43.76	0.02761836
43.78	0.02755074
43.8	0.0254506
43.82	0.02434124
43.84	0.02138262
43.86	0.02718716
43.88	0.0438942
43.9	0.0575505
43.92	0.07598626
43.94	0.08404284
43.96	0.08204168
43.98	0.0833392
44	0.07460152
44.02	0.05032202
44.04	0.02840334
44.06	0.00238434
44.08	-0.017885
44.1	-0.018473
44.12	-0.02114448
44.14	-0.02050454
44.16	-0.0205261
44.18	-0.03061128
44.2	-0.0431004
44.22	-0.04936652
44.24	-0.04888338
44.26	-0.04945962
44.28	-0.04838162
44.3	-0.04667446
44.32	-0.05175086
44.34	-0.06685168
44.36	-0.07899878
44.38	-0.09470132
44.4	-0.09703176
44.42	-0.09612918
44.44	-0.0954814
44.46	-0.09291968
44.48	-0.09104494
44.5	-0.0886606
44.52	-0.0867153
44.54	-0.08437408
44.56	-0.08236704
44.58	-0.08020222
44.6	-0.07683298
44.62	-0.06203988
44.64	-0.04717916
44.66	-0.03518788
44.68	-0.03553088
44.7	-0.03395308
44.72	-0.03498992
44.74	-0.03605126
44.76	-0.03200288
44.78	-0.0185465
44.8	-0.01505868
44.82	-0.01388072
44.84	-0.01246854
44.86	-0.01236466
44.88	-0.01068396
44.9	0.00016072
44.92	0.0098245
44.94	0.02048004
44.96	0.02468228
44.98	0.02926672
45	0.03323964
45.02	0.0368725
45.04	0.04829832
45.06	0.06292874
45.08	0.07665756
45.1	0.09220134
45.12	0.10702874
45.14	0.1219953
45.16	0.13793598
45.18	0.14308882
45.2	0.12023228
45.22	0.10323222
45.24	0.07775026
45.26	0.0670859
45.28	0.063357
45.3	0.05827374
45.32	0.05598642
45.34	0.05299938
45.36	0.0503818
45.38	0.04752902
45.4	0.04504766
45.42	0.04223506
45.44	0.03855026
45.46	0.03119732
45.48	0.02617482
45.5	0.0109711
45.52	-0.01041446
45.54	-0.03086314
45.56	-0.04579638
45.58	-0.04780538
45.6	-0.05380494
45.62	-0.05468498
45.64	-0.06247598
45.66	-0.0844074
45.68	-0.10074204
45.7	-0.0840889
45.72	-0.07063644
45.74	-0.0529788
45.76	-0.03340918
45.78	-0.02812992
45.8	-0.02868656
45.82	-0.02845528
45.84	-0.02652762
45.86	-0.01174432
45.88	0.00064974
45.9	0.01018612
45.92	0.01084762
45.94	0.01636502
45.96	0.01526546
45.98	0.03120614
46	0.06840008
46.02	0.0985635
46.04	0.10203956
46.06	0.10502366
46.08	0.10620162
46.1	0.09858016
46.12	0.0891457
46.14	0.07922026
46.16	0.07353038
46.18	0.0715596
46.2	0.06841282
46.22	0.06705846
46.24	0.06323352
46.26	0.03999184
46.28	0.01314278
46.3	-0.01309084
46.32	-0.04316998
46.34	-0.0705061
46.36	-0.09918384
46.38	-0.08623608
46.4	-0.06340012
46.42	-0.04096106
46.44	-0.0131859
46.46	0.0137837
46.48	0.03454206
46.5	0.0374017
46.52	0.04373838
46.54	0.04566114
46.56	0.04874716
46.58	0.05060426
46.6	0.05381082
46.62	0.05565322
46.64	0.05841682
46.66	0.0462364
46.68	0.02892666
46.7	0.01302224
46.72	-0.00687372
46.74	-0.01663942
46.76	-0.01910118
46.78	-0.02461466
46.8	-0.02531732
46.82	-0.03541622
46.84	-0.05025734
46.86	-0.0639303
46.88	-0.0797328
46.9	-0.09363312
46.92	-0.09732282
46.94	-0.10175438
46.96	-0.1048698
46.98	-0.10771474
47	-0.10963554
47.02	-0.1040662
47.04	-0.09857624
47.06	-0.0924483
47.08	-0.08568238
47.1	-0.07935942
47.12	-0.07172718
47.14	-0.0632835
47.16	-0.05494174
47.18	-0.04645102
47.2	-0.03761534
47.22	-0.0312375
47.24	-0.02653448
47.26	-0.02121014
47.28	-0.0167433
47.3	-0.01184232
47.32	-0.00722456
47.34	-0.00306838
47.36	-0.0081095
47.38	-0.0131614
47.4	-0.01945006
47.42	-0.02232048
47.44	-0.0085652
47.46	0.00259308
47.48	0.01745576
47.5	0.03099544
47.52	0.04704686
47.54	0.05321988
47.56	0.04774168
47.58	0.04324544
47.6	0.03751734
47.62	0.0254065
47.64	0.00882294
47.66	-0.00717948
47.68	-0.01677662
47.7	-0.02214408
47.72	-0.03467534
47.74	-0.06103146
47.76	-0.08271396
47.78	-0.11149362
47.8	-0.1070699
47.82	-0.08710142
47.84	-0.07082852
47.86	-0.04743494
47.88	-0.02656388
47.9	-0.00386316
47.92	0.01556926
47.94	0.02424128
47.96	0.03317986
47.98	0.04555726
48	0.06935754
48.02	0.08442602
48.04	0.08769334
48.06	0.0924581
48.08	0.09474934
48.1	0.09689652
48.12	0.09894864
48.14	0.10127418
48.16	0.10215128
48.18	0.09808232
48.2	0.09461214
48.22	0.09017568
48.24	0.08691424
48.26	0.08928094
48.28	0.09072154
48.3	0.09337244
48.32	0.09588712
48.34	0.09712486
48.36	0.08807064
48.38	0.0808598
48.4	0.07132244
48.42	0.06829718
48.44	0.0675073
48.46	0.066493
48.48	0.06649986
48.5	0.06614902
48.52	0.06629504
48.54	0.06356084
48.56	0.05642056
48.58	0.05011916
48.6	0.04289852
48.62	0.0343441
48.64	0.0234171
48.66	0.01281056
48.68	0.00203154
48.7	-0.00963732
48.72	-0.016758
48.74	-0.00931196
48.76	-0.0028126
48.78	0.0051499
48.8	0.0142835
48.82	0.00707854
48.84	-0.0055615
48.86	-0.01565452
48.88	-0.01333584
48.9	-0.01175216
48.92	-0.00825454
48.94	-0.0046158
48.96	-0.000245
48.98	-0.00235886
49	-0.00890624
49.02	-0.01363082
49.04	-0.02147572
49.06	-0.02166682
49.08	-0.01022728
49.1	-0.00032928
49.12	0.01187858
49.14	0.02403842
49.16	0.02383654
49.18	0.01867782
49.2	0.01548988
49.22	0.01815842
49.24	0.02224404
49.26	0.02653056
49.28	0.0302134
49.3	0.0258622
49.32	0.0216041
49.34	0.02187654
49.36	0.03234882
49.38	0.04143342
49.4	0.05096098
49.42	0.0462413
49.44	0.04272212
49.46	0.03755164
49.48	0.03153934
49.5	0.02610034
49.52	0.02035264
49.54	0.01924818
49.56	0.01839558
49.58	0.01546832
49.6	-0.01278704
49.62	-0.04070724
49.64	-0.06706728
49.66	-0.07020328
49.68	-0.07610876
49.7	-0.0777826
49.72	-0.07982492
49.74	-0.08069222
49.76	-0.08344994
49.78	-0.07758856
49.8	-0.06137642
49.82	-0.04774266
49.84	-0.03087294
49.86	-0.0292236
49.88	-0.03028102
49.9	-0.0318941
49.92	-0.03484684
49.94	-0.03700774
49.96	-0.02380224
49.98	-0.00741174
50	0.00839664
50.02	0.02794274
50.04	0.03460576
50.06	0.02153942
50.08	0.01330644
50.1	-0.0014847
50.12	-0.00287434
50.14	-0.00094374
50.16	0.00123088
50.18	0.0046256
50.2	0.0081144
50.22	0.0113092
50.24	0.014651
50.26	0.01170414
50.28	0.00802424
50.3	0.0038955
50.32	-0.00052528
50.34	-0.00531062
50.36	-0.00792918
50.38	-0.00808696
50.4	-0.00862204
50.42	-0.00974708
50.44	-0.02201766
50.46	-0.03311518
50.48	-0.04594436
50.5	-0.05864026
50.52	-0.07241416
50.54	-0.07866362
50.56	-0.0623966
50.58	-0.0498869
50.6	-0.03207148
50.62	-0.01629152
50.64	0.0036995
50.66	0.0000245
50.68	-0.03038784
50.7	-0.0516166
50.72	-0.0871857
50.74	-0.08195152
50.76	-0.03139626
50.78	0.00169834
50.8	0.06206144
50.82	0.02810248
50.84	-0.0576044
50.86	-0.12961578
50.88	-0.2205833
50.9	-0.18517296
50.92	-0.0939183
50.94	-0.09133992
50.96	-0.07662718
50.98	-0.09009238
51	-0.01583974
51.02	0.0837067
51.04	0.19984356
51.06	0.14744786
51.08	0.00717262
51.1	-0.1071777
51.12	-0.0984361
51.14	-0.04785928
51.16	-0.00306936
51.18	0.06943202
51.2	0.10660734
51.22	0.01505966
51.24	-0.06944476
51.26	-0.13770274
51.28	-0.06680366
51.3	-0.0200557
51.32	-0.03527216
51.34	-0.09022664
51.36	-0.08622628
51.38	-0.05239864
51.4	-0.02425108
51.42	-0.01618274
51.44	-0.01291934
51.46	0.01093876
51.48	0.03421768
51.5	0.06668802
51.52	0.0539539
51.54	0.02035264
51.56	-0.01390718
51.58	-0.04756332
51.6	-0.0969857
51.62	-0.05748386
51.64	0.04801706
51.66	0.11904158
51.68	0.09460234
51.7	0.0603288
51.72	0.02407566
51.74	-0.03169516
51.76	-0.03758986
51.78	-0.0135583
51.8	0.00136122
51.82	0.00687274
51.84	-0.0057722
51.86	-0.00993916
51.88	-0.02350726
51.9	-0.01327018
51.92	-0.00362012
51.94	0.00825356
51.96	0.02746646
51.98	0.05532296
52	0.08349404
52.02	0.0931882
52.04	0.06053656
52.06	0.03616886
52.08	0.00183848
52.1	-0.03325238
52.12	-0.0372645
52.14	0.01435798
52.16	0.04464096
52.18	0.10329984
52.2	0.0769349
52.22	0.02271836
52.24	-0.03139332
52.26	-0.04118744
52.28	-0.02550254
52.3	-0.01304478
52.32	-0.01465492
52.34	-0.06128626
52.36	-0.0732109
52.38	-0.07352646
52.4	-0.07610778
52.42	-0.07280224
52.44	-0.0706384
52.46	-0.05666654
52.48	-0.03753204
52.5	-0.02117094
52.52	0.0021805
52.54	0.03288684
52.56	0.06357554
52.58	0.06797378
52.6	0.05140296
52.62	0.05393626
52.64	0.05406954
52.66	0.05739958
52.68	0.03254384
52.7	-0.00041258
52.72	-0.03277512
52.74	-0.0702219
52.76	-0.09555
52.78	-0.08460046
52.8	-0.0803992
52.82	-0.06811588
52.84	-0.07452508
52.86	-0.07742588
52.88	-0.08469846
52.9	-0.0612745
52.92	-0.03739778
52.94	-0.00730884
52.96	0.0009947
52.98	-0.00436982