0	0
0.02	0.00364
0.04	-0.06206
0.06	-0.04383
0.08	-0.16052
0.1	-0.08651
0.12	-0.4378
0.14	0.42873
0.16	0.84254
0.18	0.06372
0.2	-0.48665
0.22	-0.44797
0.24	0.42367
0.26	-0.22538
0.28	-0.23213
0.3	-0.58729
0.32	-0.4568
0.34	0.86882
0.36	0.18479
0.38	0.47988
0.4	1.09071
0.42	-0.64673
0.44	0.1992
0.46	0.2158
0.48	3.8404
0.5	-3.19312
0.52	4.13402
0.54	-3.25384
0.56	2.3718
0.58	-7.48706
0.6	6.49986
0.62	-0.78872
0.64	4.97212
0.66	-0.5145
0.68	-0.98559
0.7	-0.27194
0.72	-1.86906
0.74	0.13901
0.76	2.61232
0.78	-0.75687
0.8	0.10409
0.82	-1.78244
0.84	-1.57607
0.86	5.25154
0.88	-6.51163
0.9	2.25612
0.92	-0.20651
0.94	4.38036
0.96	-5.53481
0.98	6.01748
1	1.4238
1.02	-2.83655
1.04	-4.16999
1.06	-7.96083
1.08	3.90815
1.1	-15.36799
1.12	1.21798
1.14	1.3858
1.16	0.41691
1.18	-3.30332
1.2	-1.12038
1.22	1.05746
1.24	2.56431
1.26	-3.90627
1.28	2.87584
1.3	-0.87527
1.32	1.11477
1.34	-3.34322
1.36	2.78877
1.38	3.89004
1.4	-5.31128
1.42	9.01388
1.44	0.25441
1.46	0.11471
1.48	2.00807
1.5	0.09831
1.52	-2.1609
1.54	1.48491
1.56	1.12736
1.58	0.66396
1.6	0.19237
1.62	-2.0468
1.64	3.30434
1.66	-3.73708
1.68	0.9208
1.7	-0.34709
1.72	1.14228
1.74	-0.79946
1.76	1.19266
1.78	0.31409
1.8	-0.16372
1.82	-1.13429
1.84	0.41369
1.86	-0.65981
1.88	-0.34413
1.9	1.60709
1.92	-0.25261
1.94	0.87545
1.96	-1.06934
1.98	-0.55917
2	0.571
2.02	-1.40632
2.04	2.29028
2.06	-0.32985
2.08	1.95372
2.1	-1.08247
2.12	1.3786
2.14	-0.79479
2.16	-0.9826
2.18	-0.58826
2.2	-0.42086
2.22	0.92929
2.24	-0.97228
2.26	0.40891
2.28	0.16896
2.3	-0.16808
2.32	-0.61948
2.34	0.62201
2.36	0.02867
2.38	-0.00747
2.4	0.45599
2.42	-0.74976
2.44	-0.20696
2.46	0.50145
2.48	-0.03612
2.5	1.05921
2.52	-1.09032
2.54	-0.09855
2.56	0.62498
2.58	0.35417
2.6	-0.36345
2.62	-0.05655
2.64	-0.1629
2.66	-0.10151
2.68	0.19622
2.7	0.24977
2.72	0.31847
2.74	0.42656
2.76	-0.27609
2.78	-0.09291
2.8	-0.58768
2.82	-0.31102
2.84	0.96183
2.86	0.14972
2.88	-0.46012
2.9	0.51121
2.92	-0.21952
2.94	-0.15392
2.96	-0.61863
2.98	0.58964
3	-0.01556
3.02	0.6472
3.04	0.05428
3.06	0.28818
3.08	-0.49124
3.1	-0.17116
3.12	-0.2885
3.14	0.28854
3.16	0.10436
3.18	0.27378
3.2	-0.53854
3.22	0.15895
3.24	-0.12519
3.26	0.1883
3.28	-0.44372
3.3	0.03591
3.32	-0.00051
3.34	0.12512
3.36	-0.17871
3.38	0.30162
3.4	0.03793
3.42	0.17454
3.44	-0.06603
3.46	-0.0237
3.48	-0.61565
3.5	0.63504
3.52	-0.06192
3.54	0.11225
3.56	-0.45417
3.58	0.05048
3.6	-0.26407
3.62	0.14675
3.64	0.17117
3.66	-0.24872
3.68	-0.0507
3.7	-0.24792
3.72	-0.04352
3.74	0.31811
3.76	-0.3029
3.78	0.22921
3.8	-0.2557
3.82	-0.01501
3.84	0.32827
3.86	0.18813
3.88	-0.22238
3.9	-0.0887
3.92	-0.01753
3.94	-0.0822
3.96	-0.1228
3.98	-0.07858
4	0.25375
4.02	0.18514
4.04	-0.19874
4.06	0.2826
4.08	-0.24646
4.1	-0.01831
4.12	-0.14119
4.14	0.04018
4.16	0.15958
4.18	-0.08262
4.2	0.09723
4.22	0.09439
4.24	0.06076
4.26	0.00659
4.28	0.00903
4.3	-0.0441
4.32	-0.0074
4.34	-0.00451
4.36	-0.04813
4.38	-0.01673
4.4	0.27391
4.42	-0.08436
4.44	-0.03054
4.46	-0.06687
4.48	0.06764
4.5	-0.0518
4.52	0.07053
4.54	-0.01252
4.56	0.1396
4.58	-0.05679
4.6	0.05081
4.62	0.06536
4.64	0.11488
4.66	-0.14252
4.68	0.15439
4.7	-0.13781
4.72	-0.07533
4.74	-0.06107
4.76	0.01426
4.78	0.11722
4.8	-0.10396
4.82	0.04403
4.84	-0.13639
4.86	-0.02608
4.88	0.02
4.9	-0.00993
4.92	-0.0554
4.94	0.11254
4.96	0.03918
4.98	0.07098
5	-0.09554
5.02	-0.07645
5.04	0.09859
5.06	-0.13901
5.08	0.09326
5.1	0.01676
5.12	-0.17797
5.14	0.02541
5.16	0.05353
5.18	0.04524
5.2	0.03976
5.22	0.03799
5.24	-0.0405
5.26	-0.1217
5.28	0.01225
5.3	-0.00227
5.32	-0.07022
5.34	0.01534
5.36	-0.00214
5.38	-0.01987
5.4	-0.02256
5.42	-0.07877
5.44	-0.06086
5.46	-0.06006
5.48	0.02602
5.5	0.08071
5.52	-0.05605
5.54	-0.0093
5.56	-0.14844
5.58	-0.12496
5.6	-0.01683
5.62	0.02668
5.64	0.14925
5.66	-0.02845
5.68	0.08579
5.7	0.11807
5.72	-0.08233
5.74	0.00779
5.76	-0.03788
5.78	-0.04332
5.8	-0.11696
5.82	-0.00647
5.84	0.14789
5.86	-0.02297
5.88	-0.01464
5.9	-0.08434
5.92	0.09941
5.94	0.0706
5.96	-0.03288
5.98	-0.01525
6	0.06486
6.02	0.03323
6.04	-0.04627
6.06	-0.01302
6.08	0.06276
6.1	-0.05865
6.12	-0.06379
6.14	0.09782
6.16	0.11614
6.18	-0.09169
6.2	0.03428
6.22	-0.06063
6.24	-0.03776
6.26	-0.01657
6.28	0.0722
6.3	0.03663
6.32	-0.1334
6.34	0.01681
6.36	-0.0449
6.38	0.06275
6.4	0.04599
6.42	-0.06912
6.44	0.07341
6.46	-0.00065
6.48	0.00265
6.5	-0.03936
6.52	0.06718
6.54	0.14819
6.56	0.03971
6.58	0.01442
6.6	-0.00666
6.62	-0.09948
6.64	-0.06955
6.66	0.03858
6.68	0.08066
6.7	-0.02781
6.72	0.08099
6.74	-0.02387
6.76	0.15327
6.78	-0.19743
6.8	-0.12526
6.82	0.12748
6.84	0.02412
6.86	0.02392
6.88	0.12645
6.9	-0.01977
6.92	-0.09432
6.94	-0.09068
6.96	0.001
6.98	0.03857
7	0.0631
7.02	-0.07027
7.04	0.03224
7.06	-0.03118
7.08	-0.00241
7.1	-0.07783
7.12	0.02773
7.14	-0.00436
7.16	-0.02974
7.18	0.03502
7.2	-0.00591
7.22	0.02523
7.24	0.00912
7.26	0.00646
7.28	-0.00466
7.3	0.02961
7.32	-0.03022
7.34	-0.01474
7.36	-0.07711
7.38	-0.02638
7.4	0.04003
7.42	0.01446
7.44	-0.01384
7.46	0.04575
7.48	-0.04188
7.5	0.02903
7.52	-0.03004
7.54	-0.06961
7.56	-0.04509
7.58	0.18589
7.6	-0.34327
7.62	-0.16706
7.64	1.29011
7.66	0.04736
7.68	-0.63201
7.7	0.4442
7.72	0.2131
7.74	-0.54565
7.76	0.96264
7.78	0.0444
7.8	-0.47347
7.82	-0.75184
7.84	0.14258
7.86	0.16119
7.88	0.70928
7.9	0.76124
7.92	0.45728
7.94	0.05133
7.96	-2.38969
7.98	3.81356
8	-3.20124
8.02	3.88412
8.04	-2.73319
8.06	3.58388
8.08	-7.64836
8.1	7.45764
8.12	-0.43494
8.14	1.99066
8.16	-1.35886
8.18	-1.23612
8.2	1.91508
8.22	-3.60406
8.24	-1.67228
8.26	2.99134
8.28	-0.98562
8.3	0.04258
8.32	-0.81528
8.34	-0.51906
8.36	3.76797
8.38	-13.05325
8.4	3.3601
8.42	-2.35503
8.44	3.5968
8.46	-0.78758
8.48	5.94519
8.5	-3.07472
8.52	2.55095
8.54	-5.63973
8.56	6.97773
8.58	2.81368
8.6	-10.92167
8.62	0.49424
8.64	0.59518
8.66	0.08676
8.68	-3.82715
8.7	-0.96779
8.72	0.19854
8.74	2.8898
8.76	-4.23348
8.78	1.12432
8.8	-0.94096
8.82	1.65704
8.84	0.75172
8.86	8.59863
8.88	3.39927
8.9	-5.2347
8.92	3.70261
8.94	-2.43536
8.96	-0.02414
8.98	2.94799
9	0.8245
9.02	-2.20887
9.04	1.70659
9.06	1.09797
9.08	-0.05162
9.1	0.83978
9.12	-1.55503
9.14	2.95625
9.16	-2.92506
9.18	1.73015
9.2	-2.34495
9.22	0.72328
9.24	-0.74628
9.26	0.88802
9.28	0.06204
9.3	0.17782
9.32	-2.64667
9.34	0.99602
9.36	-1.74632
9.38	-0.36776
9.4	1.46928
9.42	-0.81313
9.44	1.53127
9.46	-2.11374
9.48	-0.543
9.5	-0.31199
9.52	-0.71817
9.54	-0.03025
9.56	-0.04904
9.58	1.3364
9.6	-0.40923
9.62	1.5333
9.64	-0.70125
9.66	-0.4921
9.68	-0.05598
9.7	-0.6859
9.72	1.18629
9.74	-0.70039
9.76	0.40328
9.78	0.38222
9.8	-0.15147
9.82	-0.4886
9.84	0.27655
9.86	0.08003
9.88	-0.07145
9.9	0.52942
9.92	-0.85045
9.94	-0.17293
9.96	0.54785
9.98	0.23326
10	0.82789
10.02	-1.15156
10.04	-0.11431
10.06	0.5917
10.08	0.44217
10.1	-0.77693
10.12	-0.15168
10.14	-0.13859
10.16	-0.09428
10.18	-0.00917
10.2	0.48033
10.22	-0.01164
10.24	0.41146
10.26	-0.41964
10.28	0.045
10.3	-0.64133
10.32	-0.18376
10.34	0.87045
10.36	0.32539
10.38	-0.51567
10.4	0.55879
10.42	-0.06043
10.44	-0.14562
10.46	-0.68725
10.48	0.40229
10.5	-0.03918
10.52	0.61798
10.54	-0.02608
10.56	0.28804
10.58	-0.48157
10.6	-0.20542
10.62	-0.31969
10.64	0.23977
10.66	0.12142
10.68	0.24831
10.7	-0.54681
10.72	-0.27742
10.74	-0.18532
10.76	0.07725
10.78	-0.30678
10.8	-0.05483
10.82	0.15762
10.84	0.18789
10.86	-0.31873
10.88	0.08296
10.9	0.03656
10.92	0.09805
10.94	-0.0433
10.96	-0.06585
10.98	-0.55941
11	0.6997
11.02	0.02701
11.04	0.16506
11.06	-0.42327
11.08	0.20357
11.1	-0.16275
11.12	0.066
11.14	0.1088
11.16	-0.27456
11.18	0.0741
11.2	-0.14801
11.22	-0.02556
11.24	0.28935
11.26	-0.30471
11.28	0.24805
11.3	-0.18659
11.32	-0.01472
11.34	0.23539
11.36	0.20666
11.38	-0.28302
11.4	-0.03302
11.42	-0.09597
11.44	-0.06225
11.46	-0.21336
11.48	-0.04353
11.5	0.296
11.52	0.17688
11.54	-0.17145
11.56	0.24829
11.58	-0.17299
11.6	-0.13573
11.62	-0.03594
11.64	-0.05684
11.66	0.24179
11.68	0.00191
11.7	0.06285
11.72	0.01722
11.74	0.08574
11.76	-0.0209
11.78	0.07338
11.8	-0.01678
11.82	-0.01479
11.84	0.02568
11.86	-0.02123
11.88	0.01084
11.9	0.27747
11.92	-0.08052
11.94	-0.08038
11.96	0.00307
11.98	0.0445
12	-0.11415
12.02	-0.01301
12.04	0.00054
12.06	0.0941
12.08	0.00482
12.1	-0.03183
12.12	0.00257
12.14	0.16577
12.16	-0.18189
12.18	0.15588
12.2	-0.05045
12.22	-0.01286
12.24	-0.07612
12.26	-0.01063
12.28	0.13714
12.3	-0.08225
12.32	0.0136
12.34	-0.13894
12.36	0.02116
12.38	-0.03157
12.4	-0.04493
12.42	-0.00391
12.44	0.11258
12.46	0.06813
12.48	0.05851
12.5	0.01737
12.52	-0.10945
12.54	0.1026
12.56	-0.15531
12.58	0.06333
12.6	-0.00807
12.62	-0.15228
12.64	-0.03553
12.66	0.05463
12.68	0.06596
12.7	0.00494
12.72	0.10177
12.74	-0.04626
12.76	-0.09452
12.78	-0.04384
12.8	-0.04091
12.82	-0.08745
12.84	0.03208
12.86	0.04788
12.88	-0.05651
12.9	-0.00873
12.92	-0.10121
12.94	-0.04854
12.96	0.00339
12.98	0.04837
13	0.0682
13.02	-0.02596
13.04	-0.0219
13.06	-0.09029
13.08	-0.15157
13.1	-0.02592
13.12	0.04407
13.14	0.16322
13.16	0.03483
13.18	0.02719
13.2	0.08069
13.22	-0.10907
13.24	-0.00969
13.26	-0.04748
13.28	-0.06393
13.3	-0.08475
13.32	0.00504
13.34	0.1746
13.36	-0.0282
13.38	-0.0055
13.4	-0.06007
13.42	0.06177
13.44	0.07472
13.46	-0.02889
13.48	-0.0139
13.5	0.06055
13.52	-0.00821
13.54	-0.00752
13.56	-0.05324
13.58	0.05565
13.6	-0.08476
13.62	-0.03678
13.64	0.06784
13.66	0.10429
13.68	-0.10054
13.7	-0.02562
13.72	-0.02215
13.74	-0.07238
13.76	-0.04563
13.78	0.09166
13.8	0.09598
13.82	-0.13121
13.84	0.08014
13.86	-0.02706
13.88	0.00801
13.9	0.01642
13.92	-0.08172
13.94	0.07062
13.96	0.01138
13.98	0.03813
14	-0.00108
14.02	0.07182
14.04	0.13498
14.06	0.02155
14.08	-0.02235
14.1	0.02103
14.12	-0.15262
14.14	-0.08784
14.16	0.0094
14.18	0.11603
14.2	-0.00066
14.22	0.04014
14.24	-0.10121
14.26	0.11717
14.28	-0.15282
14.3	-0.21207
14.32	0.13089
14.34	0.091
14.36	0.0704
14.38	0.10733
14.4	0.02872
14.42	-0.06036
14.44	-0.04808
14.46	-0.00091
14.48	-0.00061
14.5	0.06637
14.52	-0.09952
14.54	0.04445
14.56	-0.02191
14.58	-0.02001
14.6	-0.07423
14.62	0.01521
14.64	0.00237
14.66	0.01575
14.68	0.02273
14.7	-0.02683
14.72	0.02109
14.74	0.00161
14.76	0.00695
14.78	-0.01582
14.8	0.03358
14.82	-0.03958
14.84	0.03316
14.86	-0.06374
14.88	-0.03747
14.9	0.06047
14.92	0.00804
14.94	-0.0319
14.96	0.04669
14.98	-0.02436
15	0.0293
15.02	-0.03425
15.04	-0.01645
15.06	0.02699
15.08	0.0128
15.1	-0.16896
15.12	0.03141
15.14	0.35067
15.16	-0.58309
15.18	-0.53889
15.2	-0.38117
15.22	0.17763
15.24	0.53292
15.26	-0.34017
15.28	0.63339
15.3	-0.74118
15.32	0.466
15.34	-0.59886
15.36	0.42869
15.38	-0.2024
15.4	1.59374
15.42	0.73467
15.44	-1.4811
15.46	-4.12273
15.48	2.68076
15.5	-3.60243
15.52	0.94978
15.54	-0.94187
15.56	5.73811
15.58	-4.48376
15.6	2.81809
15.62	-0.25923
15.64	0.28002
15.66	-0.42908
15.68	-0.12846
15.7	2.54807
15.72	-4.21124
15.74	-1.4973
15.76	1.02915
15.78	-0.39145
15.8	0.43936
15.82	-0.7137
15.84	0.18187
15.86	3.00006
15.88	-3.69283
15.9	2.49846
15.92	-2.18759
15.94	-0.71906
15.96	-4.92459
15.98	6.59198
16	-9.72459
16.02	4.16145
16.04	-7.00103
16.06	17.44533
16.08	4.18241
16.1	-4.01623
16.12	1.16337
16.14	-1.70074
16.16	0.44468
16.18	-2.65868
16.2	-1.12159
16.22	-0.33201
16.24	2.0456
16.26	-0.48094
16.28	1.93266
16.3	-1.50345
16.32	2.12198
16.34	-2.79264
16.36	11.96323
16.38	1.14324
16.4	-3.65852
16.42	-0.1195
16.44	-7.91885
16.46	0.57349
16.48	3.92724
16.5	0.76384
16.52	-1.10962
16.54	1.79269
16.56	1.01643
16.58	-1.71043
16.6	0.76499
16.62	-0.46166
16.64	1.51104
16.66	-1.70254
16.68	2.76439
16.7	-2.8531
16.72	-0.16801
16.74	-0.80119
16.76	0.68645
16.78	-0.40588
16.8	0.4372
16.82	-3.18263
16.84	1.41661
16.86	-2.14746
16.88	-0.40308
16.9	0.54658
16.92	-1.3919
16.94	2.1844
16.96	-2.39427
16.98	-1.01015
17	-1.31621
17.02	0.13396
17.04	-0.796
17.06	0.30871
17.08	0.37735
17.1	-0.21066
17.12	1.59565
17.14	-0.63831
17.16	-0.76668
17.18	0.68102
17.2	-0.69339
17.22	1.22391
17.24	-0.33954
17.26	0.61418
17.28	0.18475
17.3	-0.25931
17.32	-0.27451
17.34	0.08044
17.36	0.06006
17.38	-0.15894
17.4	0.68954
17.42	-0.83324
17.44	-0.21419
17.46	0.52058
17.48	0.47387
17.5	0.54863
17.52	-1.14394
17.54	-0.05409
17.56	0.29201
17.58	0.76557
17.6	-1.16933
17.62	-0.24964
17.64	-0.14026
17.66	0.00579
17.68	-0.10959
17.7	0.7087
17.72	-0.3515
17.74	0.39354
17.76	-0.51023
17.78	0.16511
17.8	-0.48025
17.82	0.06083
17.84	0.51578
17.86	0.48447
17.88	-0.54817
17.9	0.61331
17.92	-0.13054
17.94	-0.04064
17.96	-0.50847
17.98	0.10602
18	-0.02799
18.02	0.50845
18.04	-0.10371
18.06	0.20708
18.08	-0.50159
18.1	-0.2132
18.12	-0.34703
18.14	0.11892
18.16	0.19804
18.18	0.32784
18.2	-0.32168
18.22	-0.30837
18.24	0.02356
18.26	-0.22608
18.28	-0.06018
18.3	-0.09386
18.32	0.22423
18.34	0.17091
18.36	-0.38977
18.38	-0.0117
18.4	0.04419
18.42	-0.05667
18.44	0.00294
18.46	-0.05628
18.48	-0.26796
18.5	0.82821
18.52	0.06732
18.54	0.17324
18.56	-0.19765
18.58	0.08463
18.6	-0.05886
18.62	0.08133
18.64	0.11081
18.66	-0.2608
18.68	0.155
18.7	-0.00294
18.72	0.00408
18.74	0.19374
18.76	-0.14781
18.78	0.15485
18.8	-0.0633
18.82	0.05846
18.84	0.10294
18.86	0.25485
18.88	-0.31991
18.9	0.05796
18.92	-0.24077
18.94	-0.09566
18.96	-0.24263
18.98	0.12529
19	0.29788
19.02	0.20522
19.04	-0.18325
19.06	0.06757
19.08	-0.11989
19.1	-0.176
19.12	0.02321
19.14	-0.07512
19.16	0.23789
19.18	0.02469
19.2	0.02269
19.22	-0.04555
19.24	0.08311
19.26	-0.02328
19.28	0.08794
19.3	0.00968
19.32	-0.03684
19.34	0.08439
19.36	-0.03997
19.38	0.01545
19.4	0.2372
19.42	-0.0067
19.44	-0.1132
19.46	0.0438
19.48	0.04799
19.5	-0.18984
19.52	-0.07857
19.54	0.00283
19.56	0.04993
19.58	-0.00795
19.6	-0.07064
19.62	-0.05494
19.64	0.18068
19.66	-0.19101
19.68	0.08266
19.7	-0.00737
19.72	0.09721
19.74	-0.07374
19.76	-0.06503
19.78	0.1162
19.8	-0.00287
19.82	-0.0356
19.84	-0.14731
19.86	0.09397
19.88	-0.03231
19.9	-0.1125
19.92	0.06069
19.94	0.15632
19.96	0.09868
19.98	0.02797
20	0.10934
20.02	-0.1329
20.04	0.12177
20.06	-0.09389
20.08	-0.00827
20.1	-0.05074
20.12	-0.15237
20.14	-0.06506
20.16	0.05166
20.18	0.09401
20.2	-0.03477
20.22	0.13831
20.24	-0.04948
20.26	-0.05108
20.28	-0.0441
20.3	-0.04607
20.32	-0.11455
20.34	0.06927
20.36	0.11125
20.38	-0.06127
20.4	-0.00955
20.42	-0.06801
20.44	-0.02332
20.46	0.02099
20.48	0.08328
20.5	0.07241
20.52	-0.02539
20.54	-0.04704
20.56	-0.03213
20.58	-0.09138
20.6	-0.07973
20.62	0.05103
20.64	0.14751
20.66	0.12162
20.68	-0.03332
20.7	0.05411
20.72	-0.13894
20.74	-0.06563
20.76	-0.0442
20.78	-0.11565
20.8	0.01438
20.82	0.03379
20.84	0.14263
20.86	-0.05904
20.88	0.03532
20.9	-0.04912
20.92	0.03724
20.94	0.07861
20.96	-0.05864
20.98	-0.01725
21	0.06433
21.02	-0.01862
21.04	0.01747
21.06	-0.10823
21.08	0.04601
21.1	-0.08406
21.12	-0.01242
21.14	-0.01564
21.16	0.11038
21.18	-0.0214
21.2	-0.07552
21.22	0.02524
21.24	-0.08391
21.26	-0.04235
21.28	0.16052
21.3	0.11812
21.32	-0.08102
21.34	0.02993
21.36	0.00409
21.38	-0.03706
21.4	-0.00552
21.42	-0.12404
21.44	0.0765
21.46	-0.08843
21.48	-0.00829
21.5	-0.02411
21.52	0.03329
21.54	0.05674
21.56	-0.01743
21.58	-0.03392
21.6	-0.00796
21.62	-0.13403
21.64	-0.10668
21.66	0.00678
21.68	0.12719
21.7	-0.02947
21.72	-0.03572
21.74	-0.13468
21.76	0.05059
21.78	-0.06592
21.8	-0.22441
21.82	0.01169
21.84	0.09551
21.86	0.05847
21.88	0.05537
21.9	0.05507
21.92	-0.05531
21.94	-0.01925
21.96	-0.00826
21.98	-0.04999
22	0.03479
22.02	-0.0748
22.04	0.04838
22.06	0.00992
22.08	-0.01781
22.1	-0.05539
22.12	0.0031
22.14	0.0134
22.16	0.03049
22.18	0.0287
22.2	-0.01743
22.22	0.024
22.24	-0.02066
22.26	0.00727
22.28	-0.0362
22.3	0.03602
22.32	-0.03467
22.34	0.05969
22.36	-0.09012
22.38	-0.02951
22.4	0.08771
22.42	-0.00287
22.44	-0.04878
22.46	0.01939
22.48	0.01058
22.5	0.02091
22.52	-0.05664
22.54	0.00432
22.56	0.0347
22.58	-0.19365
22.6	0.05214
22.62	0.76309
22.64	-0.10067
22.66	-0.0834
22.68	-0.02932
22.7	0.75864
22.72	-0.07481
22.74	0.20962
22.76	0.48859
22.78	-1.17455
22.8	0.70995
22.82	0.24485
22.84	-0.70255
22.86	1.076
22.88	-0.23333
22.9	2.02501
22.92	-0.05225
22.94	-2.0648
22.96	-1.02063
22.98	-0.18851
23	-2.26658
23.02	0.70373
23.04	-3.71196
23.06	4.02395
23.08	-4.21553
23.1	0.26923
23.12	0.22392
23.14	-0.23497
23.16	0.28964
23.18	0.53813
23.2	5.51626
23.22	-3.10437
23.24	-1.39966
23.26	-0.52554
23.28	2.35852
23.3	0.65961
23.32	-1.65612
23.34	-1.74023
23.36	2.21194
23.38	0.58624
23.4	6.76559
23.42	-1.80296
23.44	-0.83035
23.46	-3.26496
23.48	5.41296
23.5	-13.91105
23.52	3.11539
23.54	-6.71115
23.56	11.62303
23.58	5.51467
23.6	-1.866
23.62	3.42993
23.64	-2.91437
23.66	0.56176
23.68	-1.86522
23.7	0.87516
23.72	1.72063
23.74	1.21274
23.76	1.15068
23.78	1.60222
23.8	-0.24376
23.82	0.31046
23.84	-3.91266
23.86	6.41861
23.88	-1.9775
23.9	-1.16121
23.92	3.18688
23.94	-11.21363
23.96	0.80652
23.98	2.73904
24	0.81091
24.02	-0.16531
24.04	2.25541
24.06	0.65229
24.08	-1.86714
24.1	0.27516
24.12	0.59903
24.14	0.22323
24.16	-1.46098
24.18	3.42644
24.2	-1.21239
24.22	-1.42864
24.24	-0.31035
24.26	1.01719
24.28	-0.9639
24.3	0.6528
24.32	-2.26112
24.34	1.73896
24.36	-1.70396
24.38	-0.14121
24.4	-0.10676
24.42	-1.44837
24.44	2.58143
24.46	-1.56586
24.48	-0.86498
24.5	-2.2071
24.52	0.84278
24.54	-2.26844
24.56	0.63079
24.58	-0.43345
24.6	0.10052
24.62	1.59504
24.64	-0.74819
24.66	-1.10937
24.68	1.05946
24.7	-0.69615
24.72	1.53932
24.74	0.06662
24.76	0.87704
24.78	-0.22006
24.8	-0.28745
24.82	-0.31033
24.84	0.10202
24.86	0.12501
24.88	-0.31028
24.9	0.46722
24.92	-0.7299
24.94	-0.31482
24.96	0.44685
24.98	0.54367
25	0.37073
25.02	-0.74671
25.04	0.28039
25.06	-0.24655
25.08	0.86552
25.1	-1.55882
25.12	-0.27978
25.14	-0.21975
25.16	0.09499
25.18	-0.15775
25.2	0.80223
25.22	-0.44833
25.24	0.28153
25.26	-0.43923
25.28	0.14814
25.3	-0.18457
25.32	0.24326
25.34	-0.10761
25.36	0.73113
25.38	-0.21532
25.4	0.64204
25.42	-0.29278
25.44	-0.03894
25.46	-0.21696
25.48	-0.23077
25.5	-0.11035
25.52	0.43339
25.54	-0.10772
25.56	0.15764
25.58	-0.50934
25.6	-0.17538
25.62	-0.26745
25.64	0.02908
25.66	0.17158
25.68	0.38108
25.7	0.09981
25.72	-0.09108
25.74	0.20024
25.76	-0.33792
25.78	0.08839
25.8	-0.07584
25.82	0.19272
25.84	0.09356
25.86	-0.2378
25.88	-0.12254
25.9	0.10521
25.92	-0.11099
25.94	-0.02228
25.96	-0.07262
25.98	-0.01931
26	0.85323
26.02	-0.02546
26.04	0.12114
26.06	-0.01415
26.08	-0.18368
26.1	-0.11176
26.12	0.09365
26.14	0.08699
26.16	-0.23905
26.18	0.08746
26.2	0.14277
26.22	0.04718
26.24	0.14683
26.26	0.00011
26.28	0.07703
26.3	0.05575
26.32	0.08041
26.34	-0.03624
26.36	0.2752
26.38	-0.36389
26.4	0.17496
26.42	-0.26361
26.44	-0.08103
26.46	-0.24092
26.48	0.18325
26.5	0.24854
26.52	0.1796
26.54	-0.18664
26.56	-0.06036
26.58	-0.03043
26.6	-0.18032
26.62	0.05965
26.64	-0.12282
26.66	0.16609
26.68	0.03607
26.7	0.01612
26.72	-0.0775
26.74	0.08005
26.76	-0.02356
26.78	0.06212
26.8	0.00091
26.82	-0.04571
26.84	0.05662
26.86	-0.12669
26.88	0.02604
26.9	0.17979
26.92	0.04557
26.94	-0.10349
26.96	0.06789
26.98	0.03242
27	-0.22912
27.02	-0.10789
27.04	0.01914
27.06	0.03108
27.08	-0.02386
27.1	-0.02016
27.12	-0.06767
27.14	0.11778
27.16	-0.14348
27.18	0.01922
27.2	0.04553
27.22	0.19827
27.24	-0.10794
27.26	-0.0937
27.28	0.09697
27.3	0.06715
27.32	-0.10023
27.34	-0.11545
27.36	0.13063
27.38	0.00861
27.4	-0.15519
27.42	0.12856
27.44	0.16757
27.46	0.11915
27.48	-0.04906
27.5	0.14239
27.52	-0.12359
27.54	0.12079
27.56	-0.08993
27.58	-0.07945
27.6	-0.07996
27.62	-0.09833
27.64	-0.03754
27.66	0.05651
27.68	0.09389
27.7	-0.05384
27.72	0.14827
27.74	-0.04132
27.76	0.01853
27.78	-0.03329
27.8	-0.01667
27.82	-0.15578
27.84	0.13546
27.86	0.11777
27.88	-0.0154
27.9	-0.01797
27.92	-0.06113
27.94	0.0216
27.96	0.01723
27.98	0.10548
28	0.05598
28.02	-0.03359
28.04	-0.09314
28.06	0.02967
28.08	-0.0268
28.1	-0.11016
28.12	0.02272
28.14	0.13932
28.16	0.18294
28.18	-0.07846
28.2	0.01609
28.22	-0.12588
28.24	-0.0865
28.26	-0.03173
28.28	-0.17986
28.3	0.03437
28.32	0.09546
28.34	0.1074
28.36	-0.09721
28.38	0.06537
28.4	-0.01555
28.42	0.04121
28.44	0.05157
28.46	-0.09805
28.48	-0.01572
28.5	0.08893
28.52	-0.01283
28.54	-0.00276
28.56	-0.11947
28.58	0.01131
28.6	-0.03814
28.62	0.0212
28.64	-0.04288
28.66	0.15329
28.68	0.04354
28.7	-0.08712
28.72	0.02744
28.74	-0.04657
28.76	-0.06666
28.78	0.12817
28.8	0.09953
28.82	-0.03925
28.84	0.00904
28.86	0.04479
28.88	-0.05803
28.9	-0.05091
28.92	-0.12634
28.94	0.0622
28.96	-0.09003
28.98	-0.01477
29	-0.02379
29.02	0.06773
29.04	0.03001
29.06	-0.03507
29.08	-0.01398
29.1	0.0175
29.12	-0.12982
29.14	-0.10034
29.16	0.00174
29.18	0.12184
29.2	-0.04194
29.22	-0.06824
29.24	-0.10059
29.26	0.00802
29.28	0.09164
29.3	-0.11683
29.32	-0.05822
29.34	0.07208
29.36	0.01185
29.38	-0.00895
29.4	0.05926
29.42	-0.05162
29.44	0.01745
29.46	-0.03891
29.48	-0.03296
29.5	-0.00964
29.52	-0.04932
29.54	0.0455
29.56	0.03527
29.58	-0.03726
29.6	-0.03344
29.62	-0.00117
29.64	-0.00645
29.66	0.0242
29.68	0.02024
29.7	0.02382
29.72	-0.00467
29.74	-0.00981
29.76	0.00766
29.78	-0.04247
29.8	0.0318
29.82	-0.03164
29.84	0.06445
29.86	-0.07464
29.88	-0.01586
29.9	0.07723
29.92	0.00007
29.94	-0.04724
29.96	-0.00373
29.98	0.06252
30	0.00161
30.02	-0.05234
30.04	-0.03208
30.06	-0.05572
30.08	-0.22271
30.1	0.17471
30.12	0.75552
30.14	-0.82986
30.16	-0.75818
30.18	-0.14628
30.2	0.04598
30.22	-0.32558
30.24	-0.13291
30.26	-0.112
30.28	-0.43607
30.3	0.1732
30.32	0.20095
30.34	-0.75017
30.36	-0.03458
30.38	-0.19956
30.4	2.06562
30.42	-0.80542
30.44	-2.48022
30.46	0.94202
30.48	-1.43102
30.5	-0.64652
30.52	2.16628
30.54	-3.48283
30.56	1.60846
30.58	-1.77273
30.6	0.66804
30.62	-2.39922
30.64	-1.24985
30.66	1.57913
30.68	0.14101
30.7	5.50722
30.72	-2.80171
30.74	0.35788
30.76	-0.88964
30.78	2.32127
30.8	1.54076
30.82	-0.69281
30.84	-2.70431
30.86	1.83259
30.88	-1.79219
30.9	8.29275
30.92	-2.1399
30.94	-1.75726
30.96	0.55874
30.98	3.40079
31	-15.27709
31.02	-0.12326
31.04	-2.5711
31.06	10.57632
31.08	4.7855
31.1	-3.9613
31.12	5.8076
31.14	-3.49382
31.16	0.13089
31.18	-1.5216
31.2	2.494
31.22	0.85809
31.24	0.23007
31.26	2.13902
31.28	-0.50676
31.3	2.22355
31.32	-1.81131
31.34	-4.21589
31.36	2.29144
31.38	-8.08068
31.4	-0.51618
31.42	4.49666
31.44	-6.71335
31.46	0.72148
31.48	0.2075
31.5	0.14468
31.52	-0.25776
31.54	2.51967
31.56	-0.11335
31.58	-1.626
31.6	-0.37164
31.62	1.38331
31.64	-0.61864
31.66	-1.43633
31.68	4.9986
31.7	0.29698
31.72	-2.89765
31.74	0.07225
31.76	1.41617
31.78	-1.3611
31.8	1.12029
31.82	-1.29374
31.84	2.16958
31.86	-1.12242
31.88	0.73627
31.9	-0.25831
31.92	-0.91665
31.94	2.73848
31.96	-0.91128
31.98	0.22545
32	-2.60603
32.02	1.6254
32.04	-3.25165
32.06	1.04633
32.08	-1.20265
32.1	0.34611
32.12	1.52534
32.14	-0.98887
32.16	-1.05883
32.18	1.12589
32.2	-0.40206
32.22	1.86594
32.24	0.27951
32.26	0.60184
32.28	-0.47502
32.3	-0.2158
32.32	-0.53468
32.34	0.10063
32.36	0.30651
32.38	-0.36725
32.4	0.01399
32.42	-0.50372
32.44	-0.38903
32.46	0.40971
32.48	0.58357
32.5	0.10802
32.52	-0.26354
32.54	0.58052
32.56	-0.68728
32.58	0.77106
32.6	-1.42864
32.62	-0.2313
32.64	-0.19439
32.66	0.17827
32.68	-0.2661
32.7	0.77187
32.72	-0.25491
32.74	0.15292
32.76	-0.25474
32.78	-0.14884
32.8	-0.06369
32.82	0.40526
32.84	-0.60462
32.86	0.78799
32.88	-0.01129
32.9	0.5288
32.92	-0.4076
32.94	-0.08382
32.96	-0.00906
32.98	-0.48389
33	-0.10179
33.02	0.38122
33.04	0.16666
33.06	-0.04803
33.08	-0.52457
33.1	-0.18173
33.12	-0.10419
33.14	0.00377
33.16	0.18743
33.18	0.23369
33.2	0.31342
33.22	0.24239
33.24	0.16998
33.26	-0.34099
33.28	0.11958
33.3	-0.09865
33.32	0.1643
33.34	0.0039
33.36	0.01139
33.38	-0.23008
33.4	0.07511
33.42	-0.13363
33.44	0.01031
33.46	-0.11121
33.48	0.18245
33.5	0.51705
33.52	-0.09958
33.54	-0.03577
33.56	0.00204
33.58	-0.35955
33.6	-0.03524
33.62	0.06992
33.64	-0.05028
33.66	-0.1863
33.68	-0.034
33.7	0.21545
33.72	0.0619
33.74	0.16045
33.76	0.09889
33.78	0.02337
33.8	0.06366
33.82	0.08947
33.84	-0.17575
33.86	0.20193
33.88	-0.39769
33.9	0.22625
33.92	-0.17672
33.94	-0.0835
33.96	-0.17176
33.98	0.16355
34	0.21786
34.02	0.10773
34.04	-0.14047
34.06	-0.12943
34.08	0.07989
34.1	-0.13843
34.12	0.08799
34.14	-0.17516
34.16	0.07537
34.18	0.06352
34.2	0.01427
34.22	-0.11874
34.24	0.07969
34.26	-0.04978
34.28	0.02418
34.3	-0.00784
34.32	-0.04599
34.34	-0.04113
34.36	-0.19471
34.38	0.05716
34.4	0.0917
34.42	0.1139
34.44	-0.13087
34.46	0.12705
34.48	0.03324
34.5	-0.17191
34.52	-0.13478
34.54	0.09629
34.56	0.0133
34.58	-0.01673
34.6	0.04435
34.62	-0.05039
34.64	0.05801
34.66	-0.08029
34.68	-0.03679
34.7	0.05805
34.72	0.2568
34.74	-0.12594
34.76	-0.10193
34.78	0.07562
34.8	0.0808
34.82	-0.16088
34.84	-0.06103
34.86	0.09166
34.88	0.03856
34.9	-0.15731
34.92	0.14824
34.94	0.1209
34.96	0.12186
34.98	-0.12108
35	0.12714
35.02	-0.06363
35.04	0.02602
35.06	-0.06595
35.08	-0.10221
35.1	-0.07142
35.12	-0.01617
35.14	0.0188
35.16	0.06262
35.18	0.06477
35.2	-0.0715
35.22	0.1206
35.24	0.00207
35.26	0.0861
35.28	-0.006
35.3	0.01055
35.32	-0.15854
35.34	0.18197
35.36	0.10526
35.38	0.04794
35.4	-0.0459
35.42	-0.05227
35.44	0.06009
35.46	0.0525
35.48	0.10666
35.5	0.00373
35.52	-0.03237
35.54	-0.08866
35.56	0.06398
35.58	0.01315
35.6	-0.10269
35.62	-0.01334
35.64	0.13667
35.66	0.22056
35.68	-0.04518
35.7	-0.01297
35.72	-0.07257
35.74	-0.05742
35.76	-0.02764
35.78	-0.19874
35.8	0.00191
35.82	0.14615
35.84	0.09592
35.86	-0.1223
35.88	0.08003
35.9	0.02059
35.92	0.04858
35.94	-0.0251
35.96	-0.06012
35.98	-0.01705
36	0.0936
36.02	-0.00842
36.04	-0.03004
36.06	-0.09576
36.08	-0.02622
36.1	-0.03145
36.12	0.03847
36.14	-0.03374
36.16	0.18125
36.18	0.05332
36.2	-0.09659
36.22	-0.01815
36.24	-0.0238
36.26	-0.04578
36.28	0.09306
36.3	0.06977
36.32	-0.01429
36.34	0.02138
36.36	0.04724
36.38	-0.08387
36.4	-0.01477
36.42	-0.06502
36.44	0.03515
36.46	-0.01901
36.48	0.01267
36.5	-0.07001
36.52	0.02184
36.54	0.01916
36.56	-0.02558
36.58	-0.0001
36.6	0.03172
36.62	-0.09938
36.64	-0.08236
36.66	0.00376
36.68	0.08971
36.7	0.00494
36.72	-0.05603
36.74	0.00246
36.76	-0.01784
36.78	0.19277
36.8	-0.03277
36.82	-0.0539
36.84	0.01885
36.86	-0.02152
36.88	-0.0177
36.9	0.09108
36.92	-0.03946
36.94	0.03325
36.96	-0.06263
36.98	-0.00491
37	-0.00497
37.02	-0.02532
37.04	0.01915
37.06	0.05412
37.08	-0.05552
37.1	-0.00156
37.12	0.0111
37.14	-0.00882
37.16	0.03033
37.18	0.01926
37.2	0.04347
37.22	-0.01904
37.24	0.00917
37.26	0.00533
37.28	-0.04541
37.3	0.02044
37.32	-0.02031
37.34	0.03899
37.36	-0.04979
37.38	-0.01289
37.4	0.0623
37.42	0.00614
37.44	-0.01969
37.46	-0.03122
37.48	0.08527
37.5	-0.01002
37.52	-0.04409
37.54	-0.04252
37.56	-0.12333
37.58	-0.01036
37.6	0.03474
37.62	-0.34146
37.64	-1.17399
37.66	0.53036
37.68	0.50962
37.7	-0.16918
37.72	-0.52247
37.74	-0.53741
37.76	-0.4905
37.78	0.19493
37.8	0.68367
37.82	0.14445
37.84	0.13148
37.86	0.80564
37.88	-0.09099
37.9	1.03616
37.92	-1.29801
37.94	-4.04494
37.96	3.00614
37.98	-1.65374
38	0.5286
38.02	2.95864
38.04	-2.74384
38.06	2.54366
38.08	0.72834
38.1	-0.82974
38.12	1.76441
38.14	-1.31637
38.16	2.03296
38.18	-0.94927
38.2	1.49546
38.22	-2.05953
38.24	1.73781
38.26	-1.27899
38.28	1.46441
38.3	-0.19503
38.32	-0.68112
38.34	3.68108
38.36	1.033
38.38	0.47156
38.4	5.46868
38.42	-7.12027
38.44	-3.57131
38.46	2.98979
38.48	4.1783
38.5	-14.11372
38.52	-1.32753
38.54	-0.12019
38.56	5.93765
38.58	2.80541
38.6	0.16799
38.62	6.12925
38.64	-3.32588
38.66	-0.57896
38.68	-0.59718
38.7	1.28219
38.72	-0.64517
38.74	-0.64086
38.76	3.91088
38.78	-2.93055
38.8	4.03039
38.82	-3.29997
38.84	-4.79473
38.86	0.46874
38.88	-10.78999
38.9	1.26844
38.92	3.45706
38.94	-2.37728
38.96	0.7072
38.98	-1.29947
39	-0.45148
39.02	0.61407
39.04	2.51568
39.06	-1.88932
39.08	-1.29041
39.1	-0.99036
39.12	2.05982
39.14	-1.76543
39.16	-1.26393
39.18	5.0832
39.2	1.09869
39.22	-3.03333
39.24	-0.07048
39.26	1.44049
39.28	-1.15271
39.3	1.60221
39.32	-1.11196
39.34	2.46903
39.36	-0.53719
39.38	1.58012
39.4	-0.35704
39.42	-0.46937
39.44	2.24482
39.46	-0.19029
39.48	0.93419
39.5	-1.99412
39.52	2.54394
39.54	-2.18663
39.56	1.29062
39.58	-2.26558
39.6	0.29131
39.62	0.62606
39.64	-1.14785
39.66	-1.06037
39.68	1.1307
39.7	0.34978
39.72	1.02897
39.74	0.27423
39.76	-0.1706
39.78	-0.42535
39.8	-0.1881
39.82	-0.32062
39.84	-0.03178
39.86	0.47708
39.88	-0.3202
39.9	-0.33578
39.92	-0.08073
39.94	-0.42877
39.96	0.20677
39.98	0.68931
40	-0.12418
40.02	-0.21529
40.04	0.69066
40.06	-0.93578
40.08	0.56511
40.1	-0.65898
40.12	-0.2964
40.14	-0.18093
40.16	0.2505
40.18	-0.44564
40.2	0.6278
40.22	0.07222
40.24	0.02811
40.26	-0.16349
40.28	-0.42237
40.3	0.03464
40.32	0.70615
40.34	-0.87192
40.36	0.51168
40.38	0.05131
40.4	0.27685
40.42	-0.33351
40.44	-0.22122
40.46	0.29277
40.48	-0.63141
40.5	0.06692
40.52	0.27745
40.54	0.36601
40.56	-0.32721
40.58	-0.47796
40.6	-0.15245
40.62	0.0284
40.64	0.01008
40.66	0.26282
40.68	-0.0325
40.7	0.51529
40.72	0.37113
40.74	0.11443
40.76	-0.31114
40.78	0.1198
40.8	-0.07482
40.82	0.13892
40.84	-0.10338
40.86	0.21897
40.88	-0.24153
40.9	0.02957
40.92	-0.13732
40.94	0.10328
40.96	-0.11688
40.98	0.47641
41	0.09893
41.02	-0.06812
41.04	-0.2532
41.06	-0.07762
41.08	-0.44771
41.1	0.1114
41.12	0.12891
41.14	-0.14546
41.16	-0.09853
41.18	-0.16849
41.2	0.2528
41.22	0.1291
41.24	0.10411
41.26	0.19488
41.28	-0.08271
41.3	0.01677
41.32	0.12282
41.34	-0.24985
41.36	0.09334
41.38	-0.33914
41.4	0.18112
41.42	-0.12629
41.44	-0.02118
41.46	-0.08897
41.48	0.16833
41.5	0.24037
41.52	0.01106
41.54	-0.08151
41.56	-0.23137
41.58	0.1581
41.6	-0.14478
41.62	0.1318
41.64	-0.17953
41.66	-0.01117
41.68	0.06285
41.7	0.04283
41.72	-0.15272
41.74	0.11257
41.76	-0.09746
41.78	0.01456
41.8	-0.04285
41.82	-0.04647
41.84	-0.10212
41.86	-0.23339
41.88	0.11115
41.9	0.0156
41.92	0.06297
41.94	-0.08213
41.96	0.17959
41.98	0.02044
42	-0.10285
42.02	-0.07441
42.04	0.15849
42.06	-0.04112
42.08	0.04226
42.1	0.08636
42.12	-0.03324
42.14	0.03101
42.16	-0.03435
42.18	-0.12591
42.2	0.0427
42.22	0.25146
42.24	-0.10448
42.26	-0.07878
42.28	0.071
42.3	0.08034
42.32	-0.19354
42.34	-0.03702
42.36	0.05861
42.38	0.00562
42.4	-0.12367
42.42	0.16613
42.44	0.05045
42.46	0.06853
42.48	-0.17448
42.5	0.08484
42.52	0.00972
42.54	-0.02446
42.56	-0.0386
42.58	-0.10862
42.6	-0.0998
42.62	0.05525
42.64	0.07569
42.66	0.03919
42.68	0.08911
42.7	-0.0853
42.72	0.05336
42.74	0.02065
42.76	0.14116
42.78	0.01799
42.8	-0.02591
42.82	-0.1042
42.84	0.17923
42.86	0.09132
42.88	0.05737
42.9	-0.0637
42.92	-0.03457
42.94	0.02423
42.96	0.09148
42.98	0.09492
43	-0.02996
43.02	-0.01547
43.04	-0.09628
43.06	0.05767
43.08	0.02873
43.1	-0.09691
43.12	-0.01747
43.14	0.09578
43.16	0.23517
43.18	0.02649
43.2	-0.05377
43.22	-0.02297
43.24	-0.00091
43.26	-0.04826
43.28	-0.17502
43.3	-0.05446
43.32	0.11979
43.34	0.0628
43.36	-0.08602
43.38	0.04566
43.4	0.06742
43.42	0.0556
43.44	-0.0828
43.46	-0.01847
43.48	0.00204
43.5	0.1087
43.52	-0.04887
43.54	-0.03819
43.56	-0.05526
43.58	-0.05935
43.6	-0.02378
43.62	0.04398
43.64	-0.0139
43.66	0.12943
43.68	0.03323
43.7	-0.0757
43.72	-0.03644
43.74	-0.0252
43.76	0.00641
43.78	0.05563
43.8	-0.02863
43.82	-0.05562
43.84	0.04928
43.86	0.02509
43.88	-0.0802
43.9	0.04097
43.92	-0.02529
43.94	0.03376
43.96	-0.08519
43.98	0.0458
44	-0.09457
44.02	-0.00152
44.04	0.01875
44.06	0.00434
44.08	-0.00099
44.1	0.0581
44.12	-0.06274
44.14	-0.04553
44.16	0.03384
44.18	0.0237
44.2	0.04668
44.22	-0.05459
44.24	0.11732
44.26	-0.09165
44.28	0.19527
44.3	0.04504
44.32	-0.08926
44.34	-0.02364
44.36	0.01456
44.38	-0.00346
44.4	0.03156
44.42	-0.09901
44.44	0.01367
44.46	-0.03172
44.48	0.00083
44.5	0.03413
44.52	-0.01318
44.54	0.01204
44.56	0.05169
44.58	-0.05949
44.6	0.03552
44.62	0.01264
44.64	-0.03722
44.66	0.02833
44.68	0.04058
44.7	0.03411
44.72	-0.01218
44.74	0.02568
44.76	-0.00427
44.78	-0.03591
44.8	0.00841
44.82	-0.02801
44.84	-0.01792
44.86	-0.03478
44.88	0.00432
44.9	0.04489
44.92	0.00713
44.94	0.00666
44.96	-0.03756
44.98	0.06656
45	-0.00511
45.02	-0.02501
45.04	-0.01044
45.06	-0.13562
45.08	0.55981
45.1	-0.00985
45.12	-0.94645
45.14	0.54572
45.16	0.61238
45.18	0.44061
45.2	0.19148
45.22	0.11349
45.24	0.01349
45.26	-0.01022
45.28	1.04545
45.3	0.03554
45.32	-0.31465
45.34	0.31181
45.36	1.10627
45.38	0.29185
45.4	0.20615
45.42	-2.23862
45.44	-3.76258
45.46	4.80283
45.48	-1.26659
45.5	1.39162
45.52	1.35314
45.54	0.35162
45.56	-0.07447
45.58	1.88804
45.6	-2.80587
45.62	4.58926
45.64	-4.48053
45.66	1.33538
45.68	-0.88234
45.7	-0.31542
45.72	-1.12603
45.74	1.85818
45.76	-1.43677
45.78	0.41417
45.8	-1.19221
45.82	-1.53225
45.84	7.47379
45.86	0.40376
45.88	-1.39894
45.9	1.30208
45.92	-1.90211
45.94	-5.77399
45.96	5.386
45.98	3.79811
46	-3.37358
46.02	-1.00992
46.04	-2.90643
46.06	5.76044
46.08	1.0302
46.1	2.68169
46.12	2.1018
46.14	-0.94462
46.16	-1.66931
46.18	-0.14092
46.2	0.91182
46.22	-1.24513
46.24	-0.8109
46.26	5.1361
46.28	-3.79068
46.3	5.25095
46.32	-3.8621
46.34	-3.07143
46.36	2.97904
46.38	-6.31345
46.4	2.6508
46.42	1.74804
46.44	-2.52853
46.46	0.30876
46.48	-1.27846
46.5	-0.87006
46.52	0.91553
46.54	2.57902
46.56	-3.54784
46.58	-1.34571
46.6	-1.36723
46.62	2.83893
46.64	-2.88766
46.66	-0.49364
46.68	2.33443
46.7	1.19875
46.72	-2.27849
46.74	-0.00526
46.76	1.0159
46.78	-0.61859
46.8	2.38555
46.82	-0.58655
46.84	1.6101
46.86	-0.21596
46.88	1.80179
46.9	-0.34495
46.92	-0.09578
46.94	0.99884
46.96	0.10798
46.98	1.23928
47	-1.7311
47.02	4.01194
47.04	-0.03217
47.06	1.76074
47.08	-2.55879
47.1	0.44857
47.12	-0.2
47.14	-1.23184
47.16	-0.96427
47.18	0.96457
47.2	0.58556
47.22	-0.11438
47.24	0.27297
47.26	-0.39846
47.28	-0.30528
47.3	-0.34745
47.32	0.18215
47.34	-0.14919
47.36	0.41307
47.38	-0.18724
47.4	-0.56208
47.42	0.08796
47.44	-0.33635
47.46	-0.0292
47.48	0.91659
47.5	-0.49406
47.52	-0.21669
47.54	0.73578
47.56	-0.71911
47.58	0.4691
47.6	-0.18554
47.62	-0.32181
47.64	-0.12515
47.66	0.32124
47.68	-0.52716
47.7	0.52952
47.72	0.31415
47.74	-0.08729
47.76	-0.18155
47.78	-0.44948
47.8	0.119
47.82	0.92269
47.84	-0.86563
47.86	-0.05914
47.88	0.27707
47.9	0.01112
47.92	-0.19083
47.94	-0.37042
47.96	0.51858
47.98	-0.45239
48	0.34498
48.02	0.15768
48.04	0.34376
48.06	-0.47485
48.08	-0.34916
48.1	-0.13702
48.12	0.10742
48.14	0.04457
48.16	0.20696
48.18	-0.25331
48.2	0.71304
48.22	0.2367
48.24	0.11962
48.26	-0.3765
48.28	0.11091
48.3	-0.0979
48.32	0.1021
48.34	-0.13939
48.36	0.42065
48.38	-0.1769
48.4	0.06821
48.42	-0.11119
48.44	0.15056
48.46	-0.21588
48.48	0.56782
48.5	-0.05509
48.52	0.02027
48.54	-0.39128
48.56	-0.15772
48.58	-0.42397
48.6	0.15863
48.62	0.1647
48.64	-0.13015
48.66	-0.11099
48.68	-0.26136
48.7	0.26206
48.72	0.19871
48.74	-0.0088
48.76	0.26088
48.78	-0.22789
48.8	0.00623
48.82	0.19458
48.84	-0.19301
48.86	0.01423
48.88	-0.2441
48.9	0.04952
48.92	-0.06132
48.94	0.02092
48.96	-0.03867
48.98	0.15991
49	0.22575
49.02	-0.07271
49.04	0.06382
49.06	-0.30045
49.08	0.22326
49.1	-0.21495
49.12	0.18971
49.14	-0.04836
49.16	-0.06218
49.18	0.10851
49.2	0.0748
49.22	-0.11204
49.24	0.10874
49.26	-0.07782
49.28	-0.00437
49.3	-0.06242
49.32	-0.04392
49.34	-0.12877
49.36	-0.20519
49.38	0.15871
49.4	-0.03641
49.42	-0.00918
49.44	-0.08957
49.46	0.17648
49.48	-0.0105
49.5	-0.04614
49.52	-0.07268
49.54	0.15281
49.56	-0.03167
49.58	0.10079
49.6	0.11261
49.62	-0.00509
49.64	-0.01027
49.66	0.02149
49.68	-0.20356
49.7	-0.02623
49.72	0.12368
49.74	-0.07138
49.76	-0.04299
49.78	0.01823
49.8	0.10229
49.82	-0.19453
49.84	-0.02886
49.86	0.07652
49.88	-0.00598
49.9	-0.1069
49.92	0.17749
49.94	0.01372
49.96	0.05575
49.98	-0.18842
50	0.00774
50.02	0.03924
50.04	-0.08358
50.06	-0.01123
50.08	-0.06546
50.1	-0.1349
50.12	0.07336
50.14	0.1043
50.16	0.02662
50.18	0.11289
50.2	-0.0989
50.22	0.03276
50.24	-0.0282
50.26	0.16388
50.28	0.04417
50.3	-0.06816
50.32	-0.06255
50.34	0.09723
50.36	0.06311
50.38	0.00832
50.4	-0.05619
50.42	-0.0322
50.44	-0.03849
50.46	0.0813
50.48	0.09749
50.5	-0.03773
50.52	0.01072
50.54	-0.11875
50.56	-0.00237
50.58	0.00361
50.6	-0.04999
50.62	0.03792
50.64	0.01387
50.66	0.21494
50.68	0.06183
50.7	-0.07327
50.72	0.02036
50.74	0.02636
50.76	-0.06374
50.78	-0.22433
50.8	-0.0002
50.82	0.09936
50.84	-0.00751
50.86	-0.0589
50.88	-0.00071
50.9	0.10039
50.92	0.03461
50.94	-0.08158
50.96	-0.00364
50.98	0.0161
51	0.10467
51.02	-0.07027
51.04	-0.03564
51.06	-0.01479
51.08	-0.05275
51.1	-0.04625
51.12	0.06133
51.14	0.05032
51.16	0.03511
51.18	0.0237
51.2	-0.05601
51.22	-0.01825
51.24	-0.02892
51.26	0.03912
51.28	-0.02631
51.3	-0.09803
51.32	-0.05371
51.34	0.06375
51.36	0.03741
51.38	-0.04482
51.4	0.0276
51.42	0.02408
51.44	0.05024
51.46	0.02938
51.48	0.04566
51.5	-0.00293
51.52	0.03142
51.54	0.05508
51.56	-0.00295
51.58	0.01347
51.6	0.04703
51.62	-0.05516
51.64	-0.00006
51.66	0.01206
51.68	-0.01874
51.7	0.09784
51.72	-0.02924
51.74	0.15925
51.76	-0.13965
51.78	0.13208
51.8	0.09569
51.82	-0.08551
51.84	-0.04955
51.86	0.075
51.88	-0.03021
51.9	-0.01872
51.92	-0.13486
51.94	0.0441
51.96	-0.00321
51.98	0.04155
52	0.02538
52.02	0.00694
52.04	-0.01198
52.06	0.03448
52.08	-0.06299
52.1	0.07298
52.12	0.01934
52.14	-0.0597
52.16	0.01542
52.18	0.01513
52.2	0.02501
52.22	-0.00704
52.24	0.03422
52.26	-0.01864
52.28	-0.01745
52.3	-0.0129
52.32	-0.04307
52.34	-0.06072
52.36	-0.01721
52.38	-0.0059
52.4	0.03882
52.42	0.00297
52.44	0.02923
52.46	-0.03255
52.48	0.05697
52.5	0.00368
52.52	-0.00315
52.54	0.00726
52.56	0.00783
52.58	0.12662
52.6	-0.14385
52.62	-0.651
52.64	0.02199
52.66	0.0171
52.68	-0.91559
52.7	-0.70402
52.72	0.63394
52.74	-0.38577
52.76	0.27042
52.78	0.26997
52.8	-0.05592
52.82	-0.53148
52.84	-0.26884
52.86	0.57642
52.88	-0.03669
52.9	-0.09825
52.92	-1.68458
52.94	-1.44033
52.96	5.34615
52.98	-2.52498
53	2.07355
53.02	0.1691
53.04	1.24437
53.06	-3.33422
53.08	3.18975
53.1	-0.42937
53.12	2.9811
53.14	-4.06839
53.16	0.40963
53.18	-1.58533
53.2	-0.28705
53.22	0.038
53.24	1.69254
53.26	-1.21039
53.28	0.05957
53.3	-1.1072
53.32	-2.02639
53.34	7.81354
53.36	-2.54439
53.38	-2.08268
53.4	1.07468
53.42	6.23166
53.44	-10.73125
53.46	6.59657
53.48	3.33124
53.5	-2.83588
53.52	-2.4345
53.54	-2.31892
53.56	4.17184
53.58	-6.15588
53.6	0.37746
53.62	-0.30434
53.64	0.61031
53.66	-2.4476
53.68	-0.50282
53.7	0.62906
53.72	0.05219
53.74	-1.52864
53.76	5.32351
53.78	-2.39218
53.8	3.33432
53.82	-5.51148
53.84	-0.52287
53.86	5.44227
53.88	-3.70768
53.9	4.18319
53.92	0.88056
53.94	-1.01267
53.96	0.8837
53.98	-0.80737
54	-1.80891
54.02	1.01416
54.04	1.93794
54.06	-2.21337
54.08	-0.88916
54.1	-1.7315
54.12	3.25962
54.14	-3.4997
54.16	0.20471
54.18	0.77274
54.2	1.21612
54.22	-1.56765
54.24	0.8031
54.26	0.47178
54.28	-0.4321
54.3	1.62777
54.32	-0.11003
54.34	0.21542
54.36	-0.23279
54.38	1.65865
54.4	-0.26086
54.42	0.33779
54.44	0.03878
54.46	-0.60577
54.48	1.16254
54.5	-1.84507
54.52	4.60219
54.54	0.55382
54.56	2.18105
54.58	-1.96193
54.6	0.98192
54.62	-0.59715
54.64	-1.26457
54.66	-0.80572
54.68	0.28542
54.7	0.5942
54.72	-0.77504
54.74	0.42525
54.76	-0.19739
54.78	-0.27625
54.8	-0.54625
54.82	0.57239
54.84	-0.1059
54.86	0.18296
54.88	0.18329
54.9	-0.65925
54.92	-0.07029
54.94	0.13106
54.96	-0.09078
54.98	1.02615
55	-0.87837
55.02	-0.13566
55.04	0.6519
55.06	0.05307
55.08	0.16921
55.1	-0.04601
55.12	-0.23792
55.14	-0.04393
55.16	0.33887
55.18	-0.13287
55.2	0.45002
55.22	0.43924
55.24	-0.18099
55.26	-0.15627
55.28	-0.5165
55.3	-0.07087
55.32	0.96067
55.34	-0.41238
55.36	-0.39874
55.38	0.3774
55.4	-0.21791
55.42	-0.13311
55.44	-0.48694
55.46	0.62633
55.48	-0.12718
55.5	0.61988
55.52	0.09895
55.54	0.30027
55.56	-0.53933
55.58	-0.22591
55.6	-0.2228
55.62	0.21664
55.64	0.08668
55.66	0.2318
55.68	-0.42959
55.7	0.64336
55.72	0.01799
55.74	0.15768
55.76	-0.48245
55.78	0.06342
55.8	-0.11354
55.82	0.10441
55.84	-0.13276
55.86	0.48451
55.88	-0.04882
55.9	0.14251
55.92	-0.10307
55.94	0.1088
55.96	-0.4735
55.98	0.59697
56	-0.10296
56.02	0.09937
56.04	-0.43793
56.06	-0.14088
56.08	-0.32039
56.1	0.1975
56.12	0.18721
56.14	-0.16455
56.16	-0.11924
56.18	-0.28992
56.2	0.09254
56.22	0.25651
56.24	-0.17065
56.26	0.25145
56.28	-0.28955
56.3	0.00161
56.32	0.30192
56.34	0.0474
56.36	-0.11195
56.38	-0.18404
56.4	-0.01487
56.42	-0.06764
56.44	-0.01898
56.46	-0.03019
56.48	0.1927
56.5	0.20381
56.52	-0.15028
56.54	0.20725
56.56	-0.30783
56.58	0.16878
56.6	-0.22065
56.62	0.17501
56.64	0.07514
56.66	-0.10381
56.68	0.13471
56.7	0.09636
56.72	-0.00646
56.74	0.04121
56.76	-0.03713
56.78	-0.03809
56.8	-0.0284
56.82	-0.01903
56.84	-0.09752
56.86	-0.105
56.88	0.22446
56.9	-0.07389
56.92	-0.01475
56.94	-0.10253
56.96	0.12972
56.98	-0.03101
57	0.04648
57.02	-0.07627
57.04	0.15191
57.06	-0.05671
57.08	0.10133
57.1	0.10281
57.12	0.05434
57.14	-0.07502
57.16	0.08252
57.18	-0.21513
57.2	-0.09169
57.22	-0.01007
57.24	-0.01656
57.26	0.02309
57.28	-0.06142
57.3	0.08065
57.32	-0.16765
57.34	-0.02667
57.36	0.07546
57.38	-0.00455
57.4	-0.09265
57.42	0.1456
57.44	0.0236
57.46	0.07581
57.48	-0.15441
57.5	-0.05216
57.52	0.05862
57.54	-0.11545
57.56	0.06318
57.58	0.01235
57.6	-0.17342
57.62	0.05034
57.64	0.08221
57.66	0.02633
57.68	0.07685
57.7	-0.0498
57.72	0.01179
57.74	-0.09895
57.76	0.11511
57.78	0.035
57.8	-0.07458
57.82	-0.01907
57.84	0.02956
57.86	0.02068
57.88	-0.03839
57.9	-0.04753
57.92	-0.03902
57.94	-0.0747
57.96	0.04707
57.98	0.09882
58	-0.06608
58.02	0.01517
58.04	-0.14515
58.06	-0.07048
58.08	-0.01725
58.1	0.00568
58.12	0.11112
58.14	-0.0509
58.16	0.16184
58.18	0.11548
58.2	-0.06999
58.22	0.01567
58.24	-0.00944
58.26	-0.05164
58.28	-0.15371
58.3	0.01335
58.32	0.11549
58.34	-0.04246
58.36	-0.02548
58.38	-0.07428
58.4	0.11819
58.42	0.04505
58.44	-0.05894
58.46	-0.01525
58.48	0.03912
58.5	0.07913
58.52	-0.06123
58.54	-0.01534
58.56	0.03636
58.58	-0.05374
58.6	-0.07954
58.62	0.07979
58.64	0.10271
58.66	-0.02949
58.68	0.04021
58.7	-0.06303
58.72	-0.00543
58.74	-0.02744
58.76	0.06912
58.78	0.01075
58.8	-0.10975
58.82	-0.03096
58.84	0.00311
58.86	0.06175
58.88	0.01108
58.9	-0.00136
58.92	0.06266
58.94	0.04142
58.96	0.04016
58.98	-0.02396
59	0.03792
59.02	0.04712
59.04	0.05925
59.06	0.01414
59.08	-0.03085
59.1	-0.02195
59.12	-0.03967
59.14	0.01095
59.16	0.03753
59.18	-0.02662
59.2	0.10607
59.22	0.00162
59.24	0.1495
59.26	-0.17205
59.28	-0.009
59.3	0.09484
59.32	-0.05293
59.34	-0.0428
59.36	0.12471
59.38	-0.04768
59.4	-0.04901
59.42	-0.11957
59.44	0.03678
59.46	0.02611
59.48	0.06422
59.5	-0.01736
59.52	0.02951
59.54	-0.04015
59.56	0.01993
59.58	-0.06154
59.6	0.06313
59.62	0.02561
59.64	-0.05803
59.66	0.03018
59.68	-0.00426
59.7	0.02802
59.72	0.0012
59.74	0.01374
59.76	-0.00864
59.78	-0.00319
59.8	-0.02609
59.82	-0.04
59.84	-0.07547
59.86	-0.03426
59.88	0.0149
59.9	0.0222
59.92	0.00464
59.94	0.04469
59.96	-0.05016
59.98	0.04703
60	0.01975