 -4.2235550e-001
 -3.6617308e-001
 -2.4268230e-001
 -9.9717940e-002
 -6.2073200e-003
 -1.9241320e-002
 -1.6316314e-001
 -4.4585786e-001
 -8.8756346e-001
 -1.3258361e+000
 -1.5874040e+000
 -1.7195727e+000
 -1.5197958e+000
 -9.6061756e-001
 -5.0356516e-001
  1.4411292e-001
  1.0131073e+000
  1.4594317e+000
  1.2902700e+000
  9.1036512e-001
  5.3511822e-001
  1.6654904e-001
 -1.4038892e-001
 -2.1061768e-001
 -7.3108000e-004
  6.1527340e-001
  1.3912374e+000
  1.8530026e+000
  2.1427426e+000
  2.2351105e+000
  2.1991220e+000
  1.9862738e+000
  1.6212973e+000
  1.2128509e+000
  8.2047854e-001
  3.7151898e-001
 -2.3107420e-002
 -3.1210158e-001
 -5.3922834e-001
 -7.6443332e-001
 -9.9683150e-001
 -1.1413198e+000
 -1.2834639e+000
 -1.3676125e+000
 -1.2952591e+000
 -1.1313502e+000
 -8.2758746e-001
 -5.6827750e-001
 -5.3970854e-001
 -6.2152090e-001
 -8.1951912e-001
 -1.1563196e+000
 -1.5304337e+000
 -1.8908718e+000
 -2.2092983e+000
 -2.3620754e+000
 -2.3972495e+000
 -2.2525173e+000
 -1.8833885e+000
 -1.2058988e+000
 -3.2023264e-001
  4.6858210e-001
  1.2383584e+000
  1.8042809e+000
  1.9997743e+000
  1.9205305e+000
  1.5876353e+000
  1.0985839e+000
  5.6945938e-001
  1.1494420e-001
 -1.8812276e-001
 -3.5298032e-001
 -2.3765980e-001
  1.1420332e-001
  6.3029680e-001
  1.2956296e+000
  1.9002357e+000
  2.3904101e+000
  2.6480472e+000
  2.6122410e+000
  2.3840146e+000
  1.9825782e+000
  1.4604440e+000
  1.0790163e+000
  7.2466198e-001
  3.9293492e-001
  2.3973642e-001
  2.2956500e-001
  2.7040552e-001
  3.1278268e-001
  3.9088770e-001
  4.9978334e-001
  5.5688990e-001
  5.5853336e-001
  4.3899002e-001
  1.6514666e-001
 -2.8136486e-001
 -1.0084974e+000
 -1.6848611e+000
 -2.1152918e+000
 -2.5062491e+000
 -2.5550776e+000
 -2.2557895e+000
 -1.9354392e+000
 -1.6430827e+000
 -1.2631112e+000
 -1.1491117e+000
 -1.3867441e+000
 -1.7093425e+000
 -2.0099496e+000
 -2.2193002e+000
 -2.3404801e+000
 -2.2814939e+000
 -1.9724274e+000
 -1.5378836e+000
 -1.1459797e+000
 -7.5735772e-001
 -4.1942824e-001
 -1.9390476e-001
 -6.9868120e-002
 -1.8038860e-002
 -1.5420300e-002
 -5.8583420e-002
 -7.3987060e-002
  3.1270820e-002
  3.5087626e-001
  1.0131554e+000
  1.8856592e+000
  2.5604646e+000
  3.1078622e+000
  3.4542844e+000
  3.1992992e+000
  2.4429136e+000
  1.8627507e+000
  1.4143223e+000
  6.3847000e-001
 -2.1669760e-002
 -2.4407782e-001
  3.9658640e-002
  7.1628396e-001
  1.5537204e+000
  2.1572848e+000
  2.2855462e+000
  2.2317667e+000
  1.9552519e+000
  1.6038347e+000
  1.1241051e+000
  5.8595082e-001
 -7.5891200e-003
 -7.9791992e-001
 -1.5403905e+000
 -1.8216299e+000
 -2.0958809e+000
 -2.1050616e+000
 -1.6963594e+000
 -1.0376005e+000
 -3.8399536e-001
  3.0257108e-001
  1.0461314e+000
  1.5392282e+000
  1.4446719e+000
  1.1600250e+000
  8.0517878e-001
  3.9727240e-001
 -1.6730658e-001
 -8.5910622e-001
 -1.3663758e+000
 -1.8234096e+000
 -2.2319471e+000
 -2.3982442e+000
 -2.4722685e+000
 -2.2733677e+000
 -1.7824309e+000
 -1.2746017e+000
 -8.1130574e-001
 -3.6918560e-001
 -2.4583398e-001
 -3.4158096e-001
 -4.4919770e-001
 -5.7370180e-001
 -7.3792628e-001
 -8.6999696e-001
 -9.2728188e-001
 -9.2420076e-001
 -8.9761434e-001
 -7.9956142e-001
 -6.2820254e-001
 -4.2083454e-001
 -1.6985752e-001
  3.5110656e-001
  9.5365662e-001
  1.2190514e+000
  1.2993683e+000
  1.2074139e+000
  1.0509638e+000
  8.3073424e-001
  6.0011574e-001
  4.4590392e-001
  4.3967994e-001
  5.5815900e-001
  7.3040478e-001
  9.2574622e-001
  1.1091150e+000
  1.2520637e+000
  1.3389358e+000
  1.3871900e+000
  1.3487681e+000
  1.2270002e+000
  1.1264443e+000
  1.0686616e+000
  1.0125928e+000
  9.3080988e-001
  8.0964072e-001
  6.9325004e-001
  6.1352802e-001
  5.7110382e-001
  5.5194776e-001
  5.1450098e-001
  4.1427932e-001
  2.4372208e-001
  8.5005200e-003
 -3.0767688e-001
 -5.6680358e-001
 -7.6940290e-001
 -9.8542920e-001
 -1.1963869e+000
 -1.4285293e+000
 -1.6046932e+000
 -1.6625886e+000
 -1.6708775e+000
 -1.6004703e+000
 -1.4392937e+000
 -1.1983352e+000
 -9.4962588e-001
 -7.0253750e-001
 -5.3877754e-001
 -5.5324626e-001
 -6.5936948e-001
 -7.9064146e-001
 -8.8557994e-001
 -9.5816364e-001
 -1.0006319e+000
 -1.0138757e+000
 -1.0448760e+000
 -1.0986349e+000
 -1.1348429e+000
 -1.1125871e+000
 -1.0211835e+000
 -8.4170436e-001
 -5.1002630e-001
 -5.1623460e-002
  4.7194546e-001
  1.0411745e+000
  1.6679767e+000
  2.2560217e+000
  2.4763581e+000
  2.3204254e+000
  2.0178504e+000
  1.6470243e+000
  1.2307252e+000
  9.0740552e-001
  7.6933920e-001
  8.5417878e-001
  1.3139546e+000
  1.9026396e+000
  2.3042368e+000
  2.5533753e+000
  2.6170038e+000
  2.4473971e+000
  2.1147410e+000
  1.6554180e+000
  1.2510004e+000
  8.7220980e-001
  3.8832402e-001
 -9.3842840e-002
 -4.4739156e-001
 -6.8087166e-001
 -7.4469220e-001
 -6.2763904e-001
 -3.8313982e-001
 -1.0000410e-001
  2.1278740e-002
 -1.8014262e-001
 -6.2203932e-001
 -1.0963770e+000
 -1.7935450e+000
 -2.6369801e+000
 -3.0742835e+000
 -3.3015220e+000
 -3.3788136e+000
 -3.0414957e+000
 -2.4718893e+000
 -1.8196914e+000
 -9.5592042e-001
 -2.7219402e-001
  3.6605940e-001
  9.0148142e-001
  1.1474428e+000
  1.2678397e+000
  1.1421920e+000
  8.1407522e-001
  4.9444234e-001
  2.2848602e-001
  4.7812240e-002
 -4.8278720e-002
  3.2212600e-003
  2.3986186e-001
  5.2220280e-001
  8.1802364e-001
  1.0487872e+000
  1.2028393e+000
  1.2763540e+000
  1.2838118e+000
  1.2209036e+000
  1.1063808e+000
  1.0308600e+000
  1.0815143e+000
  1.2233957e+000
  1.3784935e+000
  1.4633948e+000
  1.3735033e+000
  1.1163778e+000
  7.9078846e-001
  4.0441562e-001
  2.0360480e-002
 -2.8620508e-001
 -5.9743250e-001
 -7.6906186e-001
 -8.6392096e-001
 -9.3808638e-001
 -9.6707772e-001
 -9.7868680e-001
 -9.6645640e-001
 -9.2044442e-001
 -8.3692294e-001
 -7.3572324e-001
 -6.3157178e-001
 -5.9233650e-001
 -6.2072808e-001
 -6.8854408e-001
 -7.7910392e-001
 -8.9468120e-001
 -1.0138502e+000
 -1.1081879e+000
 -1.1632972e+000
 -1.1310160e+000
 -9.9857394e-001
 -8.0499944e-001
 -4.7438468e-001
 -9.4022180e-002
  2.6263510e-001
  5.9345958e-001
  8.9967234e-001
  1.1181310e+000
  1.1716086e+000
  1.0894395e+000
  9.4222394e-001
  7.6787606e-001
  5.7893500e-001
  4.3808842e-001
  3.7377004e-001
  3.3096266e-001
  3.0529940e-001
  3.0218692e-001
  3.0418318e-001
  3.2246312e-001
  3.7607892e-001
  4.3297772e-001
  4.8376622e-001
  5.1345434e-001
  4.8116530e-001
  4.0642266e-001
  2.7381004e-001
  4.6453960e-002
 -2.0425650e-001
 -4.4715440e-001
 -6.5625210e-001
 -8.2119786e-001
 -9.4657710e-001
 -1.0378386e+000
 -1.1089190e+000
 -1.1816771e+000
 -1.2352155e+000
 -1.2690990e+000
 -1.2998465e+000
 -1.3006893e+000
 -1.2409466e+000
 -1.1276056e+000
 -9.9869644e-001
 -9.2928794e-001
 -9.1140784e-001
 -9.0938120e-001
 -9.0065528e-001
 -8.7548594e-001
 -8.2470626e-001
 -7.5759194e-001
 -6.7669882e-001
 -5.6486122e-001
 -4.5020906e-001
 -3.8122490e-001
 -3.2558932e-001
 -2.6451278e-001
 -1.9496414e-001
 -1.2031950e-001
 -3.2307660e-002
  8.6524200e-002
  2.2378496e-001
  3.7093686e-001
  5.2035452e-001
  6.6851288e-001
  8.1689272e-001
  9.5614386e-001
  1.0703864e+000
  1.1415138e+000
  1.1394244e+000
  1.0963701e+000
  1.0419928e+000
  9.6105464e-001
  8.7241854e-001
  7.9287684e-001
  7.8056706e-001
  8.3590864e-001
  9.1786702e-001
  1.0260081e+000
  1.1288453e+000
  1.1988007e+000
  1.2148198e+000
  1.1521076e+000
  1.0050067e+000
  7.7791028e-001
  5.3057494e-001
  2.9720558e-001
  8.6926980e-002
 -9.8343980e-002
 -2.5529784e-001
 -3.4982668e-001
 -4.5285016e-001
 -5.4628336e-001
 -6.3182168e-001
 -6.9309912e-001
 -7.4190802e-001
 -7.8262408e-001
 -8.3900348e-001
 -9.1659792e-001
 -1.0002174e+000
 -1.0877931e+000
 -1.1779237e+000
 -1.2612512e+000
 -1.3505370e+000
 -1.4325532e+000
 -1.4908720e+000
 -1.5213687e+000
 -1.5190029e+000
 -1.5027624e+000
 -1.4180992e+000
 -1.2257938e+000
 -1.0350985e+000
 -8.8863362e-001
 -7.7538776e-001
 -7.1457484e-001
 -7.0333620e-001
 -7.1363012e-001
 -7.1215326e-001
 -6.3252434e-001
 -4.5985618e-001
 -2.0695738e-001
  7.8427440e-002
  4.2846090e-001
  7.7487032e-001
  1.0022088e+000
  1.1303300e+000
  1.1819094e+000
  1.2206909e+000
  1.2124580e+000
  1.1558718e+000
  1.1053459e+000
  1.0698876e+000
  1.0504189e+000
  1.0305641e+000
  1.0110092e+000
  9.8904834e-001
  9.6411224e-001
  9.3779532e-001
  9.1217518e-001
  8.8041044e-001
  8.2602926e-001
  7.3600548e-001
  6.0090856e-001
  4.4419970e-001
  3.0208206e-001
  1.3161498e-001
 -5.8622620e-002
 -2.3377410e-001
 -3.8086328e-001
 -5.0717352e-001
 -6.1436690e-001
 -6.7518374e-001
 -6.8707016e-001
 -6.8636848e-001
 -6.7899006e-001
 -6.6157154e-001
 -6.4553384e-001
 -6.2231372e-001
 -5.7496502e-001
 -5.2347484e-001
 -4.8901020e-001
 -4.5691520e-001
 -4.3781304e-001
 -4.2036218e-001
 -3.7553306e-001
 -3.0311890e-001
 -1.8232802e-001
 -3.6032640e-002
  1.2487748e-001
  3.2364402e-001
  5.4324536e-001
  7.3936884e-001
  8.7717154e-001
  9.5445140e-001
  9.7614860e-001
  9.7964720e-001
  9.6280590e-001
  9.3241022e-001
  9.0589044e-001
  9.0444102e-001
  9.4141348e-001
  9.8857402e-001
  1.0322232e+000
  1.0551425e+000
  1.0673601e+000
  1.0724620e+000
  1.0576621e+000
  1.0220087e+000
  9.6142116e-001
  8.9234096e-001
  8.0993472e-001
  7.1572536e-001
  6.1007450e-001
  4.8594868e-001
  3.9058978e-001
  3.2921924e-001
  2.5950890e-001
  1.8517590e-001
  1.0837722e-001
  2.6912760e-002
 -5.4382160e-002
 -1.3175414e-001
 -2.0715338e-001
 -2.8028392e-001
 -3.4847428e-001
 -3.9697056e-001
 -4.1262018e-001
 -4.1823068e-001
 -4.2326396e-001
 -4.2754362e-001
 -4.3153908e-001
 -4.2838446e-001
 -4.0723018e-001
 -3.7221478e-001
 -3.2943288e-001
 -2.6283992e-001
 -1.8609808e-001
 -1.0823512e-001
 -2.5409440e-002
  5.6116760e-002
  1.3223924e-001
  1.9212410e-001
  2.3928660e-001
  2.7244000e-001
  2.7749386e-001
  2.7535158e-001
  2.7659912e-001
  2.7963516e-001
  2.8226058e-001
  2.8302400e-001
  2.7269186e-001
  2.3099286e-001
  1.7113348e-001
  9.0852860e-002
 -1.4323680e-002
 -1.0910340e-001
 -1.9547766e-001
 -2.8157360e-001
 -3.8428740e-001
 -5.0242640e-001
 -5.9270792e-001
 -6.4948520e-001
 -7.0561862e-001
 -7.5283600e-001
 -7.8617560e-001
 -8.1314226e-001
 -8.2868604e-001
 -8.3831944e-001
 -8.5559390e-001
 -8.9021142e-001
 -9.3422812e-001
 -9.8185318e-001
 -1.0264598e+000
 -1.0492056e+000
 -1.0512970e+000
 -1.0263736e+000
 -9.9293306e-001
 -9.5381146e-001
 -8.7417862e-001
 -7.4198250e-001
 -5.8404178e-001
 -4.1711054e-001
 -2.4856916e-001
 -8.9413240e-002
  4.2353640e-002
  1.0096156e-001
  1.2260584e-001
  1.3984502e-001
  1.3780956e-001
  1.3143858e-001
  1.3257734e-001
  1.6576308e-001
  2.4520286e-001
  3.5871528e-001
  4.7198172e-001
  5.9100174e-001
  7.0059906e-001
  7.9599226e-001
  8.7021256e-001
  9.2534344e-001
  9.6072046e-001
  9.3221520e-001
  8.5938748e-001
  7.7645498e-001
  6.6107762e-001
  4.8403670e-001
  3.3403300e-001
  2.5035472e-001
  2.1186032e-001
  2.2717086e-001
  2.5723432e-001
  2.9400980e-001
  3.2613812e-001
  3.1896060e-001
  2.5613084e-001
  1.5313088e-001
  1.3427960e-002
 -1.6865898e-001
 -3.4491786e-001
 -4.9240590e-001
 -6.1301940e-001
 -7.2301950e-001
 -7.8970752e-001
 -7.9370886e-001
 -7.8865304e-001
 -7.6793486e-001
 -7.3963736e-001
 -6.8628616e-001
 -5.9880744e-001
 -5.0312808e-001
 -4.1511428e-001
 -3.6283912e-001
 -3.5734622e-001
 -3.7991170e-001
 -4.1765640e-001
 -4.6069310e-001
 -4.9026264e-001
 -4.8715506e-001
 -4.5447696e-001
 -3.9961754e-001
 -3.1060414e-001
 -2.1306866e-001
 -1.0287452e-001
  1.1482660e-002
  8.5332520e-002
  1.0287060e-001
  9.1721140e-002
  6.7112360e-002
  3.2904480e-002
 -1.9594120e-002
 -4.8834380e-002
 -2.8458220e-002
  2.2510600e-002
  9.7823600e-002
  2.0762574e-001
  3.4223462e-001
  4.6031188e-001
  5.3584048e-001
  5.6620284e-001
  5.6620186e-001
  5.6140182e-001
  5.5353634e-001
  5.4368146e-001
  5.2848460e-001
  5.0829758e-001
  4.9772044e-001
  5.0729798e-001
  5.1744294e-001
  5.2362968e-001
  5.2352580e-001
  5.1906288e-001
  5.0712060e-001
  4.6849782e-001
  4.0194014e-001
  3.4059998e-001
  2.7506444e-001
  1.8886462e-001
  8.9895400e-002
 -1.6542400e-003
 -6.9011600e-002
 -1.3508516e-001
 -2.0405952e-001
 -2.6541340e-001
 -3.0174690e-001
 -3.2323046e-001
 -3.3323332e-001
 -3.3355574e-001
 -3.4794116e-001
 -3.7991170e-001
 -4.1383440e-001
 -4.4830198e-001
 -4.8265392e-001
 -5.0491854e-001
 -5.1509290e-001
 -5.2509478e-001
 -5.2709790e-001
 -5.1969106e-001
 -5.1014978e-001
 -4.8784988e-001
 -4.4155370e-001
 -3.5410144e-001
 -2.2537942e-001
 -9.1468300e-002
  3.6878380e-002
  1.4575638e-001
  2.4162292e-001
  3.3628602e-001
  4.1415486e-001
  4.6376442e-001
  5.0735482e-001
  5.4596094e-001
  5.7849204e-001
  6.1094474e-001
  6.3259588e-001
  6.3566818e-001
  6.3401394e-001
  6.4081808e-001
  6.6951150e-001
  7.0530796e-001
  7.3000984e-001
  7.3134460e-001
  6.9915356e-001
  6.6241630e-001
  6.2709612e-001
  5.8513546e-001
  5.2994872e-001
  4.7032258e-001
  4.0272806e-001
  3.1716328e-001
  2.2858794e-001
  1.4964894e-001
  8.1426240e-002
  1.8862060e-002
 -2.9229480e-002
 -5.7457400e-002
 -8.3508740e-002
 -1.0977666e-001
 -1.3525960e-001
 -1.7183712e-001
 -2.3712080e-001
 -3.1004652e-001
 -3.7235492e-001
 -4.4302566e-001
 -5.2705478e-001
 -6.0882892e-001
 -6.7399500e-001
 -7.1807442e-001
 -7.3827026e-001
 -7.3692766e-001
 -7.0293440e-001
 -6.3258412e-001
 -5.4402446e-001
 -4.6006884e-001
 -3.6114176e-001
 -2.5519984e-001
 -1.8265828e-001
 -1.3438740e-001
 -8.0666740e-002
 -2.7993700e-002
  1.9316780e-002
  7.3508820e-002
  1.3190604e-001
  1.8325020e-001
  2.3655534e-001
  3.1115784e-001
  3.7935408e-001
  4.3511314e-001
  4.9444822e-001
  5.3451650e-001
  5.4356582e-001
  5.1833376e-001
  4.7525492e-001
  3.9812402e-001
  3.1128328e-001
  2.6376210e-001
  2.1775208e-001
  1.7584238e-001
  1.4356706e-001
  1.2457466e-001
  1.1322724e-001
  1.1283720e-001
  1.1303124e-001
  1.1599280e-001
  1.1860940e-001
  1.1776268e-001
  1.1195716e-001
  8.0487400e-002
  1.2504800e-002
 -5.9662400e-002
 -1.3155422e-001
 -2.0982486e-001
 -2.9681848e-001
 -3.5796264e-001
 -3.8232740e-001
 -3.9797114e-001
 -3.9237044e-001
 -3.7040668e-001
 -3.3881540e-001
 -3.0693306e-001
 -2.8847280e-001
 -2.8301714e-001
 -3.0354226e-001
 -3.3173000e-001
 -3.5380352e-001
 -3.8542812e-001
 -4.2388626e-001
 -4.3566880e-001
 -4.1352570e-001
 -3.7762928e-001
 -3.3688774e-001
 -2.8391678e-001
 -2.2873396e-001
 -1.6442636e-001
 -8.6328200e-002
 -1.6928520e-002
  8.8739000e-003
  2.9576400e-003
 -1.6818760e-002
 -5.5563060e-002
 -9.2994160e-002
 -1.2445510e-001
 -1.3944714e-001
 -1.4155806e-001
 -1.3365730e-001
 -9.8870240e-002
 -4.6453960e-002
 -1.7767400e-003
  4.0946360e-002
  8.7419920e-002
  1.2853582e-001
  1.5563968e-001
  1.6918328e-001
  1.7208702e-001
  1.5267322e-001
  1.1304104e-001
  5.9339980e-002
  2.9370600e-002
  2.6823580e-002
  4.2072380e-002
  8.1874100e-002
  1.3985776e-001
  1.8608044e-001
  2.1223468e-001
  2.2125068e-001
  2.1785302e-001
  2.1248654e-001
  1.9759152e-001
  1.7599232e-001
  1.5561224e-001
  1.3050562e-001
  1.0409364e-001
  6.8049240e-002
  3.8594360e-002
  2.9739080e-002
  4.3116080e-002
  7.6618360e-002
  1.2619656e-001
  1.7036810e-001
  1.8714864e-001
  1.7713696e-001
  1.3775076e-001
  7.1235220e-002
  2.2226400e-003
 -6.9471220e-002
 -1.2973828e-001
 -1.6501926e-001
 -1.8127844e-001
 -1.8281508e-001
 -1.6390304e-001
 -1.4514584e-001
 -1.3482056e-001
 -1.3606026e-001
 -1.4767718e-001
 -1.5973118e-001
 -1.7746918e-001
 -2.0923588e-001
 -2.5396798e-001
 -2.8640696e-001
 -2.9132264e-001
 -2.7541724e-001
 -2.4129952e-001
 -1.9191536e-001
 -1.3636406e-001
 -8.6728040e-002
 -4.8872600e-002
 -2.1153300e-002
  6.9874000e-004
  4.6305000e-003
 -3.2692800e-003
 -2.5048800e-003
  3.8200400e-003
  1.7184300e-002
  3.2537960e-002
  4.8493340e-002
  7.6432160e-002
  1.1253830e-001
  1.4941570e-001
  1.8971820e-001
  2.2388394e-001
  2.3924642e-001
  2.4058216e-001
  2.2276870e-001
  1.9298552e-001
  1.5623650e-001
  1.2527634e-001
  1.1359376e-001
  1.1004714e-001
  1.2347020e-001
  1.5209502e-001
  1.8355498e-001
  2.0191038e-001
  2.1052654e-001
  2.1814604e-001
  2.2207584e-001
  2.1807450e-001
  1.9494944e-001
  1.5603854e-001
  1.1203752e-001
  5.8692200e-002
  1.0450720e-002
 -2.3863000e-002
 -4.3016120e-002
 -5.7998360e-002
 -7.4579960e-002
 -1.0502562e-001
 -1.4680302e-001
 -1.8372354e-001
 -2.0742778e-001
 -2.1825384e-001
 -2.1170548e-001
 -1.8914882e-001
 -1.5874922e-001
 -1.2784002e-001
 -1.0051958e-001
 -8.3397020e-002
 -8.4352520e-002
 -1.0200330e-001
 -1.2823104e-001
 -1.5024968e-001
 -1.6327976e-001
 -1.6066904e-001
 -1.3581036e-001
 -1.0012758e-001
 -5.5433700e-002
 -3.3859000e-003
  4.8359080e-002
  9.6924940e-002
  1.3174630e-001
  1.4934122e-001
  1.5845522e-001
  1.5561714e-001
  1.4546532e-001
  1.3887384e-001
  1.3144054e-001
  1.2537532e-001
  1.2542236e-001
  1.3035764e-001
  1.3545462e-001
  1.3825252e-001
  1.3808298e-001
  1.3790658e-001
  1.3569766e-001
  1.3050954e-001
  1.2196198e-001
  1.0852814e-001
  8.2592440e-002
  4.2914200e-002
  1.1162200e-002
  5.9290000e-004
  2.6930400e-003
  9.6902400e-003
  1.4683340e-002
  1.4315840e-002
  1.4285460e-002
  1.1889360e-002
  3.6211000e-003
 -1.1711000e-002
 -2.2922200e-002
 -2.5284980e-002
 -4.2070420e-002
 -7.1626240e-002
 -9.2983380e-002
 -9.8481180e-002
 -9.3338140e-002
 -7.3712660e-002
 -4.7567240e-002
 -2.3883580e-002
  6.5611000e-003
  3.1013080e-002
  3.1386460e-002
  1.7937920e-002
  1.9345200e-003
 -1.7395980e-002
 -5.0500380e-002
 -5.8178680e-002
 -5.6387240e-002
 -5.6599900e-002
 -4.9923160e-002
 -3.5782740e-002
 -1.5528100e-002
  6.6943800e-003
  2.7703620e-002
  5.7441720e-002
  8.2584600e-002
  9.7779500e-002
  1.1377114e-001
  1.2104470e-001
  1.1368784e-001
  1.0771670e-001
  1.0650052e-001
  1.0174164e-001
  1.0133494e-001
  1.0533922e-001
  1.0861830e-001
  1.2101138e-001
  1.5512616e-001
  1.8926936e-001
  2.1812154e-001
  2.3783032e-001
  2.2371636e-001
  1.8487504e-001
  1.3150718e-001
  6.1335260e-002
  4.9666400e-003
 -2.8617960e-002
 -4.4881060e-002
 -4.9383180e-002
 -5.1951760e-002
 -5.0062320e-002
 -4.6991000e-002
 -5.1915500e-002
 -7.2716980e-002
 -1.2054882e-001
 -1.8463494e-001
 -2.4683848e-001
 -3.0657144e-001
 -3.4846546e-001
 -3.7350446e-001
 -3.7971570e-001
 -3.6579186e-001
 -3.3999042e-001
 -3.0938796e-001
 -2.8231448e-001
 -2.5557616e-001
 -2.3086644e-001
 -2.0828724e-001
 -1.8729270e-001
 -1.6785146e-001
 -1.4761838e-001
 -1.2235692e-001
 -9.3171540e-002
 -6.4029280e-002
 -3.7824080e-002
 -6.2416200e-003
  3.5607320e-002
  7.5209120e-002
  1.0385452e-001
  1.1778130e-001
  1.2848878e-001
  1.4609546e-001
  1.6787008e-001
  1.8429684e-001
  1.9668992e-001
  2.0724648e-001
  2.1486500e-001
  2.1855274e-001
  2.2028048e-001
  2.2004724e-001
  2.2058036e-001
  2.2422204e-001
  2.3322334e-001
  2.4778516e-001
  2.4787336e-001
  2.1916230e-001
  1.7506230e-001
  1.1566548e-001
  5.0820840e-002
  2.9645000e-003
 -2.7834940e-002
 -3.8559080e-002
 -3.7942660e-002
 -3.4073620e-002
 -2.7597780e-002
 -2.0073340e-002
 -2.0897520e-002
 -3.2946620e-002
 -4.7334980e-002
 -6.9827940e-002
 -1.0554012e-001
 -1.4056336e-001
 -1.6828560e-001
 -1.9614014e-001
 -2.2740900e-001
 -2.5625824e-001
 -2.7184612e-001
 -2.7152174e-001
 -2.5941286e-001
 -2.3261280e-001
 -2.1020412e-001
 -1.9761994e-001
 -2.0025026e-001
 -2.1382032e-001
 -2.2711304e-001
 -2.4130932e-001
 -2.4980298e-001
 -2.3878876e-001
 -2.0473474e-001
 -1.6201850e-001
 -1.2664736e-001
 -1.1289208e-001
 -1.1575270e-001
 -1.2682180e-001
 -1.4368760e-001
 -1.5219204e-001
 -1.5691368e-001
 -1.5248016e-001
 -1.3092408e-001
 -1.0444644e-001
 -7.5289480e-002
 -4.0200580e-002
 -5.3155200e-003
  1.6337580e-002
  3.1497200e-002
  4.8335560e-002
  6.4712340e-002
  7.7240660e-002
  7.7409220e-002
  6.5505160e-002
  5.1954700e-002
  4.8047440e-002
  5.2498600e-002
  6.3322700e-002
  7.9621080e-002
  1.0516086e-001
  1.4157276e-001
  1.8404988e-001
  2.3141524e-001
  2.7570928e-001
  3.1125388e-001
  3.3250322e-001
  3.3857432e-001
  3.3041386e-001
  3.0521512e-001
  2.5876704e-001
  2.0337450e-001
  1.4277130e-001
  9.2548260e-002
  6.9542760e-002
  6.3904820e-002
  6.8673500e-002
  8.3155940e-002
  1.0674846e-001
  1.3032726e-001
  1.3969704e-001
  1.3258910e-001
  1.1690812e-001
  9.9140720e-002
  6.5259180e-002
  1.3895420e-002
 -1.8853240e-002
 -5.4710460e-002
 -9.5275600e-002
 -1.1586050e-001
 -1.2147492e-001
 -1.1028430e-001
 -8.4571060e-002
 -5.3994080e-002
 -2.6463920e-002
 -5.4321400e-003
  1.0760400e-003
  2.7734000e-004
 -5.4909400e-003
 -1.8120200e-002
 -2.8057400e-002
 -3.2622240e-002
 -3.4543040e-002
 -3.2229260e-002
 -1.9304040e-002
  5.6252000e-004
  1.9371660e-002
  3.6930320e-002
  5.0425900e-002
  5.6026600e-002
  4.5207400e-002
  2.9403920e-002
  1.9915560e-002
  1.2106920e-002
  4.5050600e-003
 -1.6209200e-003
 -6.3219800e-003
 -1.0340960e-002
 -1.4182560e-002
 -2.0387920e-002
 -2.9688120e-002
 -3.8174920e-002
 -4.2048860e-002
 -3.9308780e-002
 -2.7450780e-002
 -1.0986780e-002
  3.6397200e-003
  1.7850700e-002
  3.0895480e-002
  4.3140580e-002
  5.0971760e-002
  4.9669340e-002
  4.5268160e-002
  3.8776640e-002
  2.9692040e-002
  2.5958240e-002
  2.7942740e-002
  3.6682380e-002
  5.2961160e-002
  7.7779660e-002
  1.0342038e-001
  1.2465012e-001
  1.4029092e-001
  1.4164136e-001
  1.2958736e-001
  1.0463558e-001
  7.3631320e-002
  3.8162180e-002
  1.9864600e-003
 -1.4526540e-002
 -1.9785220e-002
 -2.1998060e-002
 -2.1708960e-002
 -2.1684460e-002
 -1.9233480e-002
 -1.6051420e-002
 -1.1942280e-002
 -6.5562000e-003
 -2.0276200e-003
 -2.6489400e-003
 -9.3982000e-003
 -2.4330460e-002
 -4.6746000e-002
 -7.0836360e-002
 -9.5725420e-002
 -1.2146610e-001
 -1.4496650e-001
 -1.5962632e-001
 -1.6402848e-001
 -1.5783488e-001
 -1.3558006e-001
 -1.0487764e-001
 -7.7721840e-002
 -6.3175700e-002
 -5.8124780e-002
 -5.6888020e-002
 -5.7083040e-002
 -5.9728060e-002
 -6.3693140e-002
 -6.6645880e-002
 -6.5247420e-002
 -4.7646620e-002
 -1.6202340e-002
  9.2923600e-003
  3.3080880e-002
  5.3385500e-002
  6.5214100e-002
  7.0534520e-002
  7.0209160e-002
  6.1027540e-002
  4.7580960e-002
  2.9351980e-002
  4.4305800e-003
 -3.0410380e-002
 -6.0317040e-002
 -6.6879120e-002
 -5.8744140e-002
 -4.2447720e-002
 -1.9434380e-002
  7.3960600e-003
  3.2088140e-002
  4.9093100e-002
  6.0801160e-002
  7.4684820e-002
  8.3761580e-002
  8.3313720e-002
  7.6113660e-002
  6.3695100e-002
  4.6404960e-002
  2.3972760e-002
  5.3596200e-003
 -8.5946000e-004
  5.3802000e-004
  7.1559600e-003
  1.4501060e-002
  1.8237800e-002
  1.4999880e-002
  1.0285100e-002
  5.7447600e-003
 -1.0789800e-003
 -1.3129060e-002
 -2.7893740e-002
 -4.4238180e-002
 -6.4850520e-002
 -9.3147040e-002
 -1.2350058e-001
 -1.5393056e-001
 -1.8404890e-001
 -1.9712308e-001
 -1.9213488e-001
 -1.8782974e-001
 -1.8399892e-001
 -1.8032392e-001
 -1.7671164e-001
 -1.7314738e-001
 -1.6946356e-001
 -1.6455474e-001
 -1.4976948e-001
 -1.2287240e-001
 -9.4540600e-002
 -6.8537280e-002
 -5.0933540e-002
 -4.2069440e-002
 -3.9171580e-002
 -3.5459340e-002
 -2.5512340e-002
 -1.0952480e-002
  5.4272400e-003
  2.4893960e-002
  4.9372400e-002
  7.7761040e-002
  1.0654658e-001
  1.3176688e-001
  1.5428434e-001
  1.8169004e-001
  2.1258258e-001
  2.4264702e-001
  2.5707458e-001
  2.5558890e-001
  2.4455508e-001
  2.2654268e-001
  2.0060992e-001
  1.6256730e-001
  1.3438642e-001
  1.2122894e-001
  1.1755492e-001
  1.1756276e-001
  1.1429152e-001
  1.1035976e-001
  1.0301662e-001
  9.1107660e-002
  7.6506640e-002
  5.9865260e-002
  4.3804040e-002
  2.7098960e-002
  5.9172400e-003
 -1.6528680e-002
 -3.6299200e-002
 -5.0825740e-002
 -5.7238860e-002
 -4.7591740e-002
 -3.1380580e-002
 -1.5407560e-002
  9.1610400e-003
  3.4501880e-002
  4.7848500e-002
  5.2487820e-002
  5.1524480e-002
  4.6121740e-002
  4.0467140e-002
  3.5427000e-002
  2.9809640e-002
  2.0131160e-002
  4.5050600e-003
 -7.7616000e-003
 -1.3482840e-002
 -9.4491600e-003
 -2.3990400e-003
 -2.2020600e-003
 -4.3619800e-003
 -8.9395600e-003
 -1.7042200e-002
 -2.9359820e-002
 -4.7384960e-002
 -7.3991960e-002
 -1.0131338e-001
 -1.2394550e-001
 -1.3948144e-001
 -1.4743904e-001
 -1.4828576e-001
 -1.5008112e-001
 -1.6112670e-001
 -1.7541118e-001
 -1.8052188e-001
 -1.8108734e-001
 -1.7727416e-001
 -1.7576398e-001
 -1.7927630e-001
 -1.8412044e-001
 -1.8076296e-001
 -1.5716652e-001
 -1.2040770e-001
 -8.4234920e-002
 -4.4261700e-002
  3.7730000e-004
  3.9703720e-002
  6.8376560e-002
  8.9193720e-002
  1.0222968e-001
  1.1716782e-001
  1.3134842e-001
  1.4080934e-001
  1.5028300e-001
  1.6909606e-001
  1.9678890e-001
  2.2148882e-001
  2.4320072e-001
  2.6212158e-001
  2.7933724e-001
  2.9402156e-001
  2.7996052e-001
  2.4572618e-001
  2.1825972e-001
  1.8558260e-001
  1.4521052e-001
  1.1671996e-001
  1.0105858e-001
  8.7929520e-002
  8.7884440e-002
  9.5597040e-002
  9.6768140e-002
  8.5861720e-002
  6.1097120e-002
  2.4163860e-002
 -2.2120560e-002
 -7.1362620e-002
 -1.2069680e-001
 -1.6186268e-001
 -1.9828732e-001
 -2.2628004e-001
 -2.3807630e-001
 -2.4308900e-001
 -2.4432380e-001
 -2.4472560e-001
 -2.4735298e-001
 -2.5266556e-001
 -2.5953242e-001
 -2.7355818e-001
 -2.9728986e-001
 -3.2005624e-001
 -3.2810204e-001
 -2.9497608e-001
 -2.3431016e-001
 -1.6617076e-001
 -9.4278940e-002
 -4.9388080e-002
 -4.1654900e-002
 -5.2584840e-002
 -7.5747140e-002
 -9.6481980e-002
 -9.7079780e-002
 -5.5252400e-002
  2.5872980e-002
  1.2985882e-001
  2.6052124e-001
  3.8637872e-001
  4.6868108e-001
  5.0655122e-001
  5.1718226e-001
  5.0404830e-001
  4.6143692e-001
  4.0547892e-001
  3.4109684e-001
  2.6757920e-001
  1.9408802e-001
  1.3434624e-001
  8.0164980e-002
  2.7166580e-002
 -1.1949140e-002
 -2.8061320e-002
 -3.2342940e-002
 -2.5930800e-002
 -1.2540080e-002
 -4.9000000e-005
  4.1944000e-004
 -7.1638000e-003
 -1.4259980e-002
 -2.3604280e-002
 -3.8530660e-002
 -6.2254500e-002
 -9.4951220e-002
 -1.3260478e-001
 -1.7498586e-001
 -2.2653288e-001
 -2.8945378e-001
 -3.5211890e-001
 -3.9633552e-001
 -4.0686954e-001
 -3.8434914e-001
 -3.3746790e-001
 -2.6573974e-001
 -1.6543674e-001
 -5.1555840e-002
  4.9521360e-002
  1.2489512e-001
  1.8075414e-001
  2.0656244e-001
  1.9742590e-001
  1.5140902e-001
  8.1068540e-002
 -1.4491260e-002
 -1.1245794e-001
 -1.7155586e-001
 -1.7174206e-001
 -1.2316052e-001
 -4.5010420e-002
  6.5952040e-002
  2.0551090e-001
  3.2037082e-001
  3.9969398e-001
  4.3884008e-001
  4.3743672e-001
  3.8311140e-001
  2.8384328e-001
  1.7787588e-001
  7.1804600e-002
 -1.0222380e-002
 -5.0884540e-002
 -5.0722840e-002
 -1.8340700e-002
  1.8610200e-002
  5.1104060e-002
  7.6059760e-002
  7.8449000e-002
  5.7281980e-002
  2.3048620e-002
 -1.6864820e-002
 -7.0042560e-002
 -1.3337016e-001
 -1.9028660e-001
 -2.3171904e-001
 -2.7598564e-001
 -3.1959858e-001
 -3.3973856e-001
 -3.4113506e-001
 -3.3119982e-001
 -3.0225944e-001
 -2.5817316e-001
 -2.1445144e-001
 -1.8163908e-001
 -1.5310148e-001
 -1.3925114e-001
 -1.3935698e-001
 -1.3975290e-001
 -1.4000084e-001
 -1.3746362e-001
 -1.2902190e-001
 -1.1286464e-001
 -8.1004840e-002
 -3.5448560e-002
  2.0742680e-002
  9.0002220e-002
  1.4512428e-001
  1.8329332e-001
  2.1910742e-001
  2.4257058e-001
  2.3660042e-001
  2.1709254e-001
  2.0451522e-001
  1.8330508e-001
  1.6662842e-001
  1.6810430e-001
  1.8201932e-001
  2.0711516e-001
  2.3787148e-001
  2.6383364e-001
  2.7174322e-001
  2.5236372e-001
  2.1405356e-001
  1.7175578e-001
  1.1904942e-001
  6.6858540e-002
  3.5527940e-002
  1.5780940e-002
  3.8964800e-003
 -7.2578800e-003
 -2.1986300e-002
 -3.8975580e-002
 -5.4523280e-002
 -6.5713900e-002
 -8.7644340e-002
 -1.3053012e-001
 -1.7628730e-001
 -2.0818336e-001
 -2.3462180e-001
 -2.4859660e-001
 -2.3888970e-001
 -2.2125558e-001
 -1.9323836e-001
 -1.5266342e-001
 -1.1946592e-001
 -9.9420020e-002
 -8.5603980e-002
 -8.2489540e-002
 -8.8771340e-002
 -9.5867520e-002
 -1.0258542e-001
 -1.0853990e-001
 -1.1289306e-001
 -1.1529112e-001
 -1.1060476e-001
 -9.6654460e-002
 -6.7521020e-002
 -2.4010000e-002
  2.4435320e-002
  7.4774000e-002
  1.1911410e-001
  1.4305648e-001
  1.4974988e-001
  1.4709114e-001
  1.3156794e-001
  1.0469634e-001
  8.0218880e-002
  6.6731140e-002
  6.1272540e-002
  6.7080020e-002
  8.4307440e-002
  1.0639664e-001
  1.2873868e-001
  1.5114050e-001
  1.7030538e-001
  1.8948300e-001
  2.0904380e-001
  2.1407120e-001
  1.9542474e-001
  1.6356592e-001
  1.2058606e-001
  6.7563160e-002
  1.9367740e-002
 -1.8317180e-002
 -4.0597480e-002
 -5.5103440e-002
 -6.7437720e-002
 -7.7421960e-002
 -8.7395420e-002
 -9.7268920e-002
 -1.0287060e-001
 -1.0147998e-001
 -9.5683280e-002
 -8.4462280e-002
 -8.7127880e-002
 -1.1189248e-001
 -1.4618562e-001
 -1.8297090e-001
 -2.0138020e-001
 -2.0234060e-001
 -1.8427038e-001
 -1.5626884e-001
 -1.2935608e-001
 -1.0454738e-001
 -8.1511500e-002
 -6.3396200e-002
 -5.1233420e-002
 -4.4744840e-002
 -4.1293280e-002
 -3.1894100e-002
 -1.6014180e-002
 -1.8130000e-003
  1.2256860e-002
  3.1141460e-002
  5.0001560e-002
  6.1373480e-002
  7.0049420e-002
  7.5609940e-002
  7.9098740e-002
  8.2873700e-002
  8.5799000e-002
  8.6630040e-002
  8.6206680e-002
  8.5993040e-002
  9.0922440e-002
  1.0590762e-001
  1.2422676e-001
  1.4254492e-001
  1.5877372e-001
  1.7015936e-001
  1.7362856e-001
  1.6412550e-001
  1.4130914e-001
  1.0983448e-001
  7.4621120e-002
  4.4606660e-002
  2.5613280e-002
  1.4884240e-002
  1.1189640e-002
  1.1403280e-002
  1.7397940e-002
  2.9603840e-002
  4.3970640e-002
  4.9622300e-002
  4.7793620e-002
  4.2424200e-002
  3.5375060e-002
  2.5261460e-002
  1.2297040e-002
  4.6236400e-003
  6.8208000e-004
 -5.8613800e-003
 -1.3447560e-002
 -1.3645520e-002
 -7.0422800e-003
  2.1070000e-004
  9.3041200e-003
  2.1280700e-002
  3.5703360e-002
  4.4467500e-002
  4.4471420e-002
  4.1450080e-002
  3.4797840e-002
  1.7475360e-002
 -5.9946600e-003
 -2.2036280e-002
 -2.8488600e-002
 -2.3364180e-002
 -9.0199200e-003
  6.2876800e-003
  2.0845580e-002
  2.8062300e-002
  2.1527660e-002
  4.3414000e-003
 -1.6726640e-002
 -4.2293860e-002
 -7.3754800e-002
 -1.0705030e-001
 -1.3766844e-001
 -1.5897070e-001
 -1.6548084e-001
 -1.6687636e-001
 -1.6287502e-001
 -1.4413644e-001
 -1.1412786e-001
 -9.4461220e-002
 -7.8986040e-002
 -6.2778800e-002
 -4.9269500e-002
 -4.0003600e-002
 -3.2876060e-002
 -2.6758900e-002
 -2.1622720e-002
 -1.8474960e-002
 -1.6440480e-002
 -1.6318960e-002
 -1.2244120e-002
  4.5138800e-003
  2.4153080e-002
  3.8124940e-002
  4.8511960e-002
  5.5201440e-002
  5.8192400e-002
  5.4679100e-002
  5.2546620e-002
  5.4519360e-002
  5.6295120e-002
  5.8368800e-002
  6.0801160e-002
  6.3701960e-002
  6.8366760e-002
  7.5057220e-002
  8.2663980e-002
  9.2039640e-002
  9.9481760e-002
  9.9415120e-002
  9.4235820e-002
  8.4195720e-002
  6.6967320e-002
  4.5278940e-002
  1.7853640e-002
 -1.0614380e-002
 -4.2544740e-002
 -7.7124040e-002
 -1.0584392e-001
 -1.2112212e-001
 -1.3065948e-001
 -1.3692364e-001
 -1.4064078e-001
 -1.4572012e-001
 -1.5179024e-001
 -1.5954204e-001
 -1.6640792e-001
 -1.6885008e-001
 -1.6893632e-001
 -1.6938614e-001
 -1.6965662e-001
 -1.7001138e-001
 -1.7056998e-001
 -1.6902648e-001
 -1.5957144e-001
 -1.4606018e-001
 -1.3091722e-001
 -1.0772062e-001
 -8.0409980e-002
 -5.4024460e-002
 -2.8558180e-002
 -3.8200400e-003
  1.9086480e-002
  3.8844260e-002
  5.6081480e-002
  7.0013160e-002
  8.3423480e-002
  9.7244420e-002
  1.1038524e-001
  1.2046748e-001
  1.2804778e-001
  1.3577802e-001
  1.4380422e-001
  1.5139922e-001
  1.5579648e-001
  1.5797600e-001
  1.5907654e-001
  1.5477042e-001
  1.4628754e-001
  1.3657280e-001
  1.2519402e-001
  1.1506278e-001
  1.0674846e-001
  9.8884940e-002
  8.9515160e-002
  7.6111700e-002
  6.0948160e-002
  4.6437300e-002
  3.2130280e-002
  1.8054540e-002
  4.3433600e-003
 -8.0105200e-003
 -1.9948880e-002
 -3.0810220e-002
 -3.9666480e-002
 -4.7993540e-002
 -5.5008380e-002
 -5.9322340e-002
 -6.3883260e-002
 -7.2092720e-002
 -8.2932500e-002
 -9.2653120e-002
 -1.0094686e-001
 -1.0943562e-001
 -1.1960998e-001
 -1.3032824e-001
 -1.4126994e-001
 -1.5235374e-001
 -1.5725276e-001
 -1.4868756e-001
 -1.2741078e-001
 -9.7914740e-002
 -7.1031380e-002
 -4.8467860e-002
 -3.2028360e-002
 -2.4017840e-002
 -1.9839120e-002
 -1.9788160e-002
 -2.0424180e-002
 -2.0946520e-002
 -1.9137440e-002
 -9.5236400e-003
  6.3739200e-003
  2.7321420e-002
  4.7628980e-002
  6.1716480e-002
  7.1623300e-002
  7.7175980e-002
  7.6004880e-002
  6.8939080e-002
  6.2286840e-002
  5.5978580e-002
  5.0326920e-002
  4.7433960e-002
  5.2029180e-002
  6.3736260e-002
  8.3988940e-002
  1.0741878e-001
  1.2654348e-001
  1.3788208e-001
  1.3535956e-001
  1.2278322e-001
  9.9172080e-002
  6.7769940e-002
  3.8419920e-002
  1.9048260e-002
  1.7052000e-003
 -1.0551660e-002
 -2.3637600e-003
  1.6030840e-002
  2.9246140e-002
  3.7238040e-002
  3.7850540e-002
  3.5878780e-002
  3.0804340e-002
  2.2371440e-002
  9.4550400e-003
 -6.4405600e-003
 -2.5780860e-002
 -4.5912020e-002
 -6.3816620e-002
 -7.4371220e-002
 -7.5384540e-002
 -6.6294060e-002
 -5.6975240e-002
 -5.0726760e-002
 -4.5556280e-002
 -4.1276620e-002
 -3.9037320e-002
 -3.6815660e-002
 -3.1712800e-002
 -2.2610560e-002
 -1.2545960e-002
  1.7248000e-004
  1.4356020e-002
  2.5835740e-002
  3.1473680e-002
  3.5041860e-002
  3.9334260e-002
  4.5524920e-002
  5.4436060e-002
  6.2845440e-002
  6.9132140e-002
  7.4336920e-002
  7.8775340e-002
  8.1303740e-002
  8.3628300e-002
  8.8700780e-002
  9.8618380e-002
  1.0778138e-001
  1.1205908e-001
  1.1313316e-001
  1.0604482e-001
  9.1004760e-002
  7.5613860e-002
  5.8713760e-002
  3.4015800e-002
 -3.6563800e-003
 -3.9597880e-002
 -6.7777780e-002
 -9.1483980e-002
 -1.0547642e-001
 -1.0545388e-001
 -9.6994520e-002
 -8.9129040e-002
 -8.4439740e-002
 -9.2016120e-002
 -1.1009320e-001
 -1.3286840e-001
 -1.5670592e-001
 -1.7780434e-001
 -1.8889500e-001
 -1.9139498e-001
 -1.8908316e-001
 -1.7744174e-001
 -1.5806714e-001
 -1.3055070e-001
 -1.0158288e-001
 -8.1124400e-002
 -6.6371480e-002
 -6.2745480e-002
 -6.5226840e-002
 -6.9066480e-002
 -7.0931420e-002
 -6.8551000e-002
 -6.2960100e-002
 -4.2447720e-002
 -9.2404200e-003
  2.1849100e-002
  5.0199520e-002
  7.5559960e-002
  9.8077420e-002
  1.1281662e-001
  1.2023032e-001
  1.2006568e-001
  1.1484326e-001
  1.0636724e-001
  9.9676780e-002
  9.6305580e-002
  9.7739320e-002
