 -2.7840820e-002
  3.2097940e-002
  4.0092780e-002
  2.3514120e-002
 -4.3380680e-002
 -3.8813880e-002
  2.5592700e-002
  3.1918600e-002
 -2.2135260e-002
 -2.1285600e-003
  5.2964100e-002
  5.1665600e-003
 -5.1944900e-002
 -4.9586040e-002
 -5.5458200e-003
  1.5099840e-002
  3.2828040e-002
  1.0316950e-001
  1.1028528e-001
  6.9854400e-003
 -2.8450380e-002
 -6.0409160e-002
 -1.1313316e-001
 -1.5607382e-001
 -8.3873300e-002
 -8.7190600e-002
 -9.3541000e-003
  1.0790682e-001
  2.1257572e-001
  2.1654276e-001
  1.6383836e-001
  3.5635740e-002
 -1.9292868e-001
 -2.5353776e-001
 -2.8548674e-001
 -2.6664918e-001
 -1.1555180e-001
  2.0246212e-001
  2.6563978e-001
  2.5790464e-001
  1.7924788e-001
  1.4537124e-001
  2.3094680e-002
 -8.4442680e-002
 -2.5697560e-001
 -3.1068940e-001
 -3.5458948e-001
 -9.1768180e-002
  1.9076092e-001
  1.9926438e-001
  3.5770686e-001
  1.1448262e-001
  2.6242440e-002
 -1.0900638e-001
 -9.1257600e-002
 -2.5962160e-002
 -1.0812340e-002
 -2.4563700e-002
  2.8978600e-003
  5.5371960e-002
 -9.2637440e-002
 -5.3723600e-002
 -5.7261400e-003
 -8.5740200e-003
  7.0148400e-003
  1.2611620e-002
 -5.6351960e-002
 -1.2970202e-001
  2.4743040e-002
  1.6496830e-001
  2.1301574e-001
  9.1827960e-002
  1.1645144e-001
  6.1455800e-003
 -6.7673900e-002
  3.4956600e-002
  3.5316260e-002
  3.0589720e-002
 -2.7831020e-002
 -7.1801660e-002
 -1.5556422e-001
 -1.2267640e-001
 -1.0171126e-001
 -2.0716220e-002
  5.8359000e-003
  1.2722360e-001
  3.0703204e-001
  2.7165600e-001
  8.1244940e-002
 -1.5094744e-001
 -1.4130424e-001
 -3.5774704e-001
 -4.3745338e-001
 -1.7070424e-001
 -2.0735820e-002
  1.2524498e-001
  2.8883442e-001
  3.6736084e-001
  3.1202808e-001
  3.8229016e-001
  7.4389840e-002
 -4.7100074e-001
 -1.0197576e+000
 -7.9938796e-001
 -2.9994664e-001
  2.1341558e-001
  6.5150792e-001
  6.6848642e-001
  4.6571364e-001
  1.2331634e-001
  1.1992260e-002
 -2.4767148e-001
 -3.1348730e-001
 -6.7243386e-001
 -3.2021304e-001
 -1.0812634e-001
  1.6789654e-001
  4.1099142e-001
  1.3560750e-001
  1.0471888e-001
 -3.4266680e-002
  2.2085280e-002
 -2.7881000e-002
 -4.5628800e-002
 -1.3306930e-001
 -2.9880200e-003
  1.6822582e-001
  2.7934018e-001
  3.0873038e-001
  9.3356760e-002
 -9.2337560e-002
 -4.3076782e-001
 -5.0075060e-001
 -3.8476858e-001
 -1.3224022e-001
 -1.1774994e-001
 -1.1514216e-001
  8.9719000e-002
  2.9823752e-001
  3.2772768e-001
  4.2098448e-001
  5.7663886e-001
  4.6383498e-001
 -2.9609720e-002
 -5.3106984e-001
 -6.5579542e-001
 -8.7043894e-001
 -7.3430126e-001
 -1.7728200e-002
  7.2366924e-001
  8.9656182e-001
  9.8486178e-001
  6.0825758e-001
 -1.2366620e-001
 -2.4244514e-001
  2.8802494e-001
  2.7713224e-001
  1.5400504e-001
  5.9789800e-002
 -4.0746342e-001
 -9.0585516e-001
 -1.0626591e+000
 -7.6919808e-001
 -1.7047394e-001
  1.1258661e+000
  1.4764278e+000
  5.9553620e-001
 -6.0944632e-001
 -8.5421994e-001
 -6.6843644e-001
 -1.0093118e-001
  8.0709272e-001
  1.1014426e+000
  4.4520812e-001
 -2.7293490e-001
 -1.9050024e-001
  1.7930864e-001
  3.8114160e-002
 -3.0674196e-001
 -2.9713796e-001
 -1.0391949e+000
 -2.7656188e-001
  8.3946996e-001
  8.0223584e-001
 -5.0279880e-001
 -1.6588146e+000
 -1.9221054e+000
 -1.6306534e+000
 -6.6790724e-001
 -4.2293272e-001
 -4.7581744e-001
 -9.4952592e-001
 -6.2876310e-001
  4.8926794e-001
  1.1473017e+000
  1.6865359e+000
  1.8870694e+000
  1.3630849e+000
  4.2076398e-001
 -3.1932320e-001
 -2.0544034e-001
  3.7035180e-002
 -7.2520980e-002
 -8.8540060e-002
 -1.2154744e-001
 -7.1614382e-001
 -1.0345880e+000
 -1.0589312e+000
 -9.2946924e-001
 -3.8638754e-001
  6.1060566e-001
  1.5398750e+000
  1.4486174e+000
  1.2385397e+000
  8.2410062e-001
  8.7730580e-002
 -1.1364590e+000
 -1.3993900e+000
  2.4859170e-001
  1.5041089e+000
  1.5204083e+000
  1.0075860e+000
 -2.9273090e-001
 -1.3716688e+000
 -1.5805175e+000
 -9.1186158e-001
 -1.1053518e-001
  5.7565984e-001
  1.5719631e+000
  1.5218871e+000
  1.2261878e+000
  9.6268634e-001
 -4.5228960e-002
 -1.2396784e+000
 -1.6065395e+000
 -1.5036699e+000
 -1.2391894e+000
 -6.7695068e-001
 -2.0638996e-001
  5.7561280e-002
  6.5646476e-001
  1.7551790e+000
  1.2693783e+000
 -2.2366834e-001
 -3.3795104e-001
 -4.4380280e-002
  1.9734652e-001
 -8.2273940e-002
 -4.6806270e-001
 -9.8679042e-001
 -1.5656372e+000
 -1.4633968e+000
 -8.6131514e-001
 -2.6339166e-001
  5.5113632e-001
  1.3103012e+000
  8.5425032e-001
  1.3189036e-001
  2.1481404e-001
  1.4345367e+000
  1.5076673e+000
  8.3352430e-001
  2.3504320e-002
 -8.5946686e-001
 -6.2969312e-001
 -8.5914738e-001
 -1.4915482e+000
 -1.2689893e+000
 -6.2390622e-001
  1.5397564e-001
  8.0557372e-001
  9.2980930e-001
  6.7253382e-001
 -4.2190960e-002
 -2.2237866e-001
 -3.6187480e-001
 -6.0762744e-001
 -1.8919194e-001
  7.5377876e-001
  1.0718329e+000
  8.9431272e-001
  7.3513132e-001
  1.2571871e+000
  1.7404290e+000
  1.0997433e+000
 -9.8235200e-003
 -1.0584813e+000
 -1.7103391e+000
 -1.9419621e+000
 -2.0611017e+000
 -1.5565938e+000
 -2.8786422e-001
  8.4107912e-001
  2.5329511e+000
  2.2026353e+000
  9.5535202e-001
  4.4082066e-001
  2.4001670e-001
  3.7679432e-001
  6.4843954e-001
  5.1425108e-001
 -1.4130424e-001
 -6.1505290e-001
 -1.3174160e+000
 -1.0136326e+000
 -8.2483072e-001
 -7.2181998e-001
 -3.7498524e-001
 -3.7866318e-001
 -8.2483072e-001
 -1.1706953e+000
 -7.9765826e-001
  9.6254620e-002
  6.4627178e-001
  9.0840316e-001
  1.0802765e+000
  7.8448804e-001
  5.8143498e-001
  3.9263308e-001
  3.6150436e-001
  2.4981082e-001
 -2.0838818e-001
 -1.1175714e+000
 -1.9458400e+000
 -1.9488878e+000
 -4.0765354e-001
  1.7751749e+000
  2.6327132e+000
  2.1621132e+000
  1.2239191e+000
  3.6865934e-001
  1.8937520e-002
  1.5792308e-001
 -1.2746370e-001
 -1.2033430e+000
 -9.3401644e-001
 -5.9708460e-001
 -6.9529824e-001
 -3.3902022e-001
 -2.1243558e-001
  6.3137480e-002
 -2.5199916e-001
 -9.7477856e-001
 -1.3932248e+000
 -1.3804231e+000
 -8.2367138e-001
  4.5515120e-001
  1.9787876e+000
  2.8238641e+000
  2.6963700e+000
  2.1668594e+000
  8.0237598e-001
 -7.1273636e-001
 -1.4946352e+000
 -1.2351616e+000
 -5.6133910e-001
  2.3302146e-001
  8.3226500e-001
  2.8396774e-001
 -1.3121200e+000
 -2.3677437e+000
 -3.0760230e+000
 -2.6224202e+000
 -9.3982196e-001
  1.8478860e+000
  3.4779494e+000
  2.9132235e+000
  1.8599979e+000
  2.3683954e-001
 -3.2186140e-001
  6.3903644e-001
  1.7537100e+000
  1.9913884e+000
  2.3787961e+000
  6.2169828e-001
 -1.5815965e+000
 -3.3138112e+000
 -4.3282327e+000
 -2.5799794e+000
 -6.7170376e-001
  6.2733426e-001
  5.3573660e-002
 -7.0629090e-001
 -4.9779198e-001
  1.1710951e+000
  3.5072799e+000
  4.3153918e+000
  3.9591833e+000
  1.0275623e+000
 -2.2774445e+000
 -2.9820165e+000
 -2.9524960e+000
 -2.8813842e+000
 -2.2031253e+000
 -8.3278440e-001
  7.3961776e-001
  1.6485511e+000
  1.7851190e+000
 -6.2650518e-001
 -2.6895149e+000
 -2.7959224e+000
 -7.7407456e-001
  1.7203822e+000
  2.6510411e+000
  2.8360749e+000
  2.8212955e+000
  2.1029830e+000
  5.9859380e-002
 -1.3513926e+000
 -2.2082115e+000
 -1.7262582e+000
 -7.0658098e-001
  5.5073060e-002
  5.3828460e-001
  2.0949754e-001
 -7.6018600e-002
 -8.8778788e-001
 -8.4371728e-001
 -4.0215672e-001
  5.9237766e-001
  1.8929553e+000
  1.9867422e+000
  1.9672647e+000
  2.0778303e+000
  1.5214079e+000
  1.0625748e-001
 -1.5289921e+000
 -1.9316594e+000
 -5.6052962e-001
  8.4331744e-001
  8.0617250e-001
 -3.6177484e-001
 -1.8665237e+000
 -1.9755193e+000
 -1.2053520e+000
 -6.5568468e-001
 -1.4164430e-001
 -6.2227746e-001
 -1.2956707e+000
 -1.1807785e+000
 -1.3426186e+000
 -1.7219217e+000
 -8.2833814e-001
  4.0859238e-001
  1.5898011e+000
  2.1989279e+000
  2.1743044e+000
  1.3001474e+000
 -3.6966874e-001
 -1.2263083e+000
 -1.2502213e+000
 -9.9623370e-001
 -6.7958884e-001
  4.0643442e-001
  4.6941118e-001
 -1.7150392e-001
 -7.6218324e-001
 -1.2763736e+000
 -1.4750686e+000
 -6.5589538e-001
  1.2371206e+000
  2.5620414e+000
  2.3685728e+000
  1.3994204e+000
  1.2095091e+000
  5.5657238e-001
  3.0659300e-002
 -2.3464042e-001
 -5.2065636e-001
 -8.3791176e-001
 -7.5237932e-001
 -1.7802876e-001
  5.8229444e-001
  1.3273296e+000
  2.1037327e+000
  2.6249084e+000
  2.1383384e+000
  1.1614823e+000
  1.6709686e-001
 -1.3965421e+000
 -2.4994841e+000
 -1.8984815e+000
 -1.5621504e+000
 -1.0357571e+000
 -9.9011850e-001
 -7.7639324e-001
  1.0679746e-001
  1.1512383e+000
  2.0621709e+000
  2.0445123e+000
  1.2923035e+000
 -3.9313680e-002
 -7.0041482e-001
 -2.8816410e-001
  1.2551840e-002
 -5.8190538e-001
 -8.9584250e-001
 -8.9573176e-001
 -1.3166467e+000
 -2.1110670e+000
 -2.6455551e+000
 -2.2627445e+000
 -1.2391287e+000
  8.6281160e-002
  9.4447892e-001
  9.9628368e-001
  8.7725484e-001
  8.1745524e-001
  7.6333180e-001
  8.0692220e-001
  1.0184385e+000
  1.5552404e-001
 -7.3140340e-001
 -4.4113034e-001
 -3.8022236e-001
 -7.7544362e-001
 -9.5904956e-001
 -1.3258802e+000
 -1.3527518e+000
 -8.3183576e-001
  5.0635620e-002
  1.6006242e+000
  2.2042444e+000
  1.6994072e+000
  1.2161849e+000
  1.2038026e+000
  7.0986790e-001
  2.7522320e-001
  1.0368763e+000
  1.4613388e+000
  1.2363611e+000
  7.1634374e-001
 -2.6613958e-001
 -8.8953620e-001
 -9.1382942e-001
 -1.9910464e-001
  9.2647240e-002
 -3.0329040e-002
 -4.2439194e-001
 -6.7276314e-001
 -6.6831688e-001
 -8.4913374e-001
 -1.3579684e+000
 -1.1660089e+000
 -8.9039860e-002
 -2.2324400e-002
  8.1194960e-002
  1.1779992e-001
 -4.5139388e-001
 -9.6119772e-001
 -3.1740436e-001
  6.1146512e-001
  1.1609325e+000
  1.7015956e+000
  1.8987912e+000
  1.5047792e+000
  4.7095076e-001
 -5.1785846e-001
 -5.0446774e-001
 -3.3966800e-002
 -8.6390920e-002
 -6.4492232e-001
 -8.8464012e-001
 -1.6222989e+000
 -2.6516007e+000
 -3.2138287e+000
 -2.5780703e+000
 -5.1614934e-001
  1.1759716e+000
  2.3871203e+000
  2.1100586e+000
  1.5463910e+000
  6.6013192e-001
 -2.1544418e-001
  1.6689400e-003
  8.6481080e-002
  2.5233040e-002
  1.4408254e-001
  5.2199602e-001
 -5.8760800e-003
 -9.4382918e-001
 -1.4205159e+000
 -1.3639640e+000
 -1.2321040e+000
 -1.0200173e+000
 -5.4936742e-001
 -5.0405810e-001
 -4.0735366e-001
  2.2280888e-001
  6.1359368e-001
  7.2853592e-001
  7.4128670e-001
  6.5526524e-001
  8.6682176e-001
  5.8967972e-001
 -1.9476520e-002
 -2.4569286e-001
 -2.8083958e-001
 -1.4404236e-001
  5.8981986e-001
  8.8794762e-001
  5.9609578e-001
 -3.4611542e-001
 -1.3383419e+000
 -1.2680896e+000
 -6.6667734e-001
  6.0488540e-002
  8.1328828e-001
  1.3381616e+000
  1.0990543e+000
  5.3742514e-001
 -1.1742360e-002
  3.2937800e-002
  2.6801824e-001
  9.7094480e-002
 -7.5135032e-001
 -1.4902791e+000
 -1.0902000e+000
  4.0952240e-002
  1.2696184e+000
  9.3913302e-001
 -4.1378932e-001
 -5.2457440e-001
  4.9433454e-001
  8.4385742e-001
  5.6635572e-001
  6.2672470e-001
  8.3240514e-001
  2.4408468e-001
 -5.0092014e-001
 -1.0638076e+000
 -1.4649657e+000
 -4.4033164e-001
  9.1447916e-001
  9.4443874e-001
  1.9224954e-001
 -4.4078048e-001
 -1.0414930e+000
 -1.2008254e+000
 -1.0866024e+000
 -3.3247480e-001
  4.8510098e-001
  9.9700300e-001
  6.1705112e-001
 -6.3455000e-003
 -3.2200154e-001
 -7.5104064e-001
 -3.7313696e-001
  3.3114494e-001
  5.3142950e-001
 -2.4924046e-001
 -8.6737154e-001
 -8.4931406e-001
 -5.5459376e-001
 -2.9649900e-001
 -2.1706314e-001
  2.1365960e-002
  2.6474994e-001
  5.0156008e-001
  6.8595492e-001
  4.9404446e-001
  6.2572510e-001
  9.2871954e-001
  8.5615936e-001
  6.7423216e-001
  6.4296330e-001
  2.4673264e-001
 -5.3272800e-001
 -8.3897114e-001
 -1.0794974e+000
 -9.7487852e-001
 -1.1986870e-001
  5.6077952e-001
  6.8949174e-001
  6.0530876e-001
  2.3960706e-001
  1.9916540e-002
  1.5599640e-002
  2.2309896e-001
  4.1662740e-001
  3.3431328e-001
  4.1339928e-001
  5.1392082e-001
  7.4435508e-001
  5.9259816e-001
 -9.8113680e-002
 -3.3253458e-001
 -3.3154478e-001
 -2.5715592e-001
 -1.5433530e-001
 -1.2095748e-001
 -2.2159956e-001
 -2.2215914e-001
 -2.6927754e-001
 -6.1784100e-001
 -6.3156100e-001
 -1.9636652e-001
  3.6103494e-001
  8.6403366e-001
  1.0539047e+000
  8.1535706e-001
  4.3058750e-001
  3.1310706e-001
  2.2339884e-001
  1.6067100e-001
  4.8966680e-002
 -4.7399856e-001
 -6.7175374e-001
 -6.8565504e-001
 -6.6779650e-001
 -5.5453398e-001
 -5.5593244e-001
 -6.2943244e-001
 -5.8642220e-001
 -2.9458996e-001
  4.9097020e-002
  3.9218424e-001
  9.2575210e-001
  1.0462999e+000
  7.8851486e-001
  4.2045430e-001
  1.4364252e-001
  1.7141376e-001
 -2.5336822e-001
 -6.3761740e-001
 -6.4000566e-001
 -3.3203478e-001
  1.9519738e-001
  3.9227342e-001
  2.1347536e-001
 -1.3043114e-001
 -4.3257690e-001
 -6.3852684e-001
 -4.1189008e-001
 -1.6037112e-001
 -1.4649040e-001
 -9.2217020e-002
  2.3728936e-001
  3.8773700e-001
  5.9563616e-001
  8.7555552e-001
  6.4455286e-001
  5.0131998e-001
  2.5551638e-001
 -6.5605120e-002
 -6.4306620e-002
 -1.8217220e-002
  2.3714040e-002
  2.3715902e-001
  1.1485208e-001
 -4.0077786e-001
 -7.0913878e-001
 -5.4255152e-001
 -4.1079150e-001
 -3.6401316e-001
 -2.9278088e-001
 -1.3130138e-001
  2.4213840e-002
  1.3725684e-001
  2.9600900e-001
  3.8957548e-001
  4.7538722e-001
  5.3052986e-001
  5.1114350e-001
  1.5595426e-001
 -1.8209674e-001
 -3.9991840e-001
 -6.5112768e-001
 -6.9255032e-001
 -5.2837190e-001
 -3.7479610e-001
 -4.4809520e-002
  3.4938274e-001
  4.5970820e-001
  1.7274264e-001
  1.1033526e-001
  6.8702900e-002
 -9.4834600e-003
  9.2916740e-002
  2.6668936e-001
  2.4999016e-001
  1.1402300e-001
  1.1233348e-001
 -1.6151086e-001
 -2.5040960e-001
 -2.3011380e-001
 -1.6292990e-001
 -1.2599468e-001
 -1.8487700e-002
  2.4556350e-001
  2.8906374e-001
  3.4554506e-001
  3.6274406e-001
  3.3730130e-001
  3.3766096e-001
  2.1162610e-001
  7.6008800e-002
 -1.5924216e-001
 -3.4595568e-001
 -2.0997774e-001
 -1.9850488e-001
 -3.1778460e-001
 -1.1157398e-001
 -2.7577200e-003
  3.7964220e-002
  2.2875454e-001
  2.9085224e-001
  1.6928520e-001
 -8.9299560e-002
 -2.5058012e-001
 -3.0874018e-001
 -1.7470166e-001
  8.3183380e-002
  1.2764304e-001
 -7.4450600e-003
 -1.4120428e-001
 -1.2765382e-001
  5.4792780e-002
  6.5975560e-002
 -3.5485800e-002
 -3.0828840e-002
 -1.6238600e-002
 -2.2494920e-002
  3.5406420e-002
  5.5082860e-002
 -3.7674140e-002
 -1.0140158e-001
 -1.0595858e-001
 -2.0642034e-001
 -2.8497616e-001
 -1.4284284e-001
  8.0295320e-002
  2.9270150e-001
  3.1464664e-001
  1.7398234e-001
 -6.9142920e-002
 -2.7169520e-001
 -3.6736084e-001
 -2.0774922e-001
 -1.2601820e-002
 -1.2890920e-002
 -1.0571848e-001
 -1.1110456e-001
 -1.2226676e-001
  1.7138240e-002
  3.1320702e-001
  4.4807560e-001
  3.7902284e-001
  2.5242840e-002
 -3.7682470e-001
 -8.0663310e-001
 -1.0039385e+000
 -8.7126900e-001
 -2.6139246e-001
  3.5829682e-001
  7.1679356e-001
  8.8456956e-001
  6.6994564e-001
  2.9717814e-001
  5.8070880e-002
  4.1211940e-002
 -2.1725620e-002
 -9.3147040e-002
 -1.2635434e-001
 -9.5155060e-002
 -6.3826420e-002
 -1.5180690e-001
 -2.3867802e-001
 -2.4564288e-001
 -1.7809932e-001
 -3.1478580e-002
  1.3385918e-001
  1.7564050e-001
  2.7394430e-001
  3.3054616e-001
  3.8863860e-002
 -2.5934426e-001
 -3.1099908e-001
 -2.2494724e-001
  1.1831932e-001
  4.4212994e-001
  3.7464616e-001
  1.4076426e-001
 -9.2956920e-002
 -2.1938084e-001
 -1.4921872e-001
 -3.1858820e-002
 -3.4736100e-002
 -8.5511860e-002
  1.3770960e-002
  1.7716930e-001
  1.9535712e-001
  1.4776930e-001
  1.1438266e-001
 -5.0116220e-002
 -2.3945712e-001
 -2.2321852e-001
 -1.3530860e-001
 -7.2820860e-002
 -1.1976874e-001
  5.1485280e-002
  2.5966374e-001
  3.1073938e-001
  4.0772312e-001
  2.7621300e-001
 -8.4033040e-002
 -2.8452732e-001
 -3.3971994e-001
 -1.4225386e-001
  5.4463500e-002
  7.9516220e-002
  3.8194520e-002
 -1.0041178e-001
 -1.7371186e-001
 -1.9582752e-001
 -1.3494796e-001
  5.3523680e-002
  2.1748258e-001
 -1.5619240e-002
 -1.8017790e-001
 -1.8395482e-001
 -1.7602074e-001
 -2.0236314e-001
 -8.8619440e-002
  2.7569262e-001
  4.0427548e-001
  3.1129896e-001
  2.7080634e-001
  1.3093094e-001
  5.2314360e-002
 -2.4870146e-001
 -4.8695906e-001
 -5.1643942e-001
 -4.1640788e-001
  2.0385960e-002
  1.5352582e-001
  7.2255400e-003
  7.7037800e-002
  3.8705688e-001
  4.5206322e-001
  3.1138912e-001
  8.3483260e-002
 -1.8057480e-002
 -4.0402460e-002
 -1.2021660e-002
  1.1396224e-001
  1.9998468e-001
 -3.3280800e-003
 -1.5200682e-001
 -1.2520480e-001
 -1.5618358e-001
 -1.0888584e-001
  3.3167120e-002
  6.0269020e-002
  1.8090800e-003
 -3.6804880e-002
 -8.3983060e-002
 -1.0852618e-001
 -1.0336942e-001
 -2.6802020e-002
 -2.0286000e-003
 -4.3480640e-002
 -7.5409040e-002
 -4.7138000e-002
 -8.6921100e-002
 -8.1244940e-002
 -2.6831420e-002
 -1.3300560e-002
 -6.9773060e-002
 -1.4017528e-001
 -1.2003824e-001
 -1.5218714e-001
 -2.4444434e-001
 -6.6984960e-002
  2.8730464e-001
  3.7520574e-001
  3.4206802e-001
  3.0234470e-001
  1.8905180e-001
 -3.7073400e-003
 -1.3398952e-001
 -1.0636822e-001
 -1.3578782e-001
 -2.8343756e-001
 -3.3081566e-001
 -2.6319174e-001
 -1.8981130e-001
 -7.5228720e-002
  1.5183728e-001
  2.4433458e-001
  2.3022356e-001
  9.3056880e-002
 -3.8933440e-002
 -4.4140180e-002
 -3.4216700e-002
 -2.6811820e-002
 -8.8590040e-002
 -1.8271610e-001
 -1.9386850e-001
 -4.6158980e-002
  1.0508834e-001
  2.6593966e-001
  3.5983542e-001
  4.0616394e-001
  3.0867060e-001
  9.0288380e-002
 -7.9685760e-002
 -1.7135398e-001
 -1.9733574e-001
 -2.5356814e-001
 -2.8579642e-001
 -3.1906350e-001
 -2.4238536e-001
  1.1217374e-001
  3.7489606e-001
  3.1549630e-001
  2.6368076e-001
  2.8627564e-001
  1.9548746e-001
  1.3278020e-001
  1.5016834e-001
  9.8692860e-002
 -4.0352480e-002
 -1.1234328e-001
 -1.7498096e-001
 -2.2917496e-001
 -7.5128760e-002
  5.3133640e-002
  5.9549700e-002
 -3.9152960e-002
 -8.5946000e-003
  9.4466120e-002
  1.0196116e-001
  1.1217374e-001
 -1.4330540e-002
 -1.6356886e-001
 -1.8792284e-001
 -1.2595450e-001
 -1.0140158e-001
 -2.6721660e-002
  2.0845874e-001
  2.9865696e-001
  2.1962094e-001
  1.3595736e-001
  3.2038160e-002
 -1.1862998e-001
 -1.8806200e-001
 -1.9809524e-001
 -1.4420210e-001
 -1.2512542e-001
 -1.0194058e-001
  3.9692940e-002
  1.0410932e-001
  1.3481860e-001
  1.9655664e-001
  2.0418104e-001
  1.5666378e-001
  1.0807636e-001
  8.2893300e-002
  3.8114160e-002
 -4.5139780e-002
 -1.1019512e-001
 -1.3488818e-001
 -7.3300080e-002
 -4.2730940e-002
 -4.4999640e-002
 -9.0988100e-002
 -1.2895232e-001
 -1.5859340e-002
  5.2354540e-002
  8.6331140e-002
  1.3450892e-001
  2.7021540e-002
 -3.8383660e-002
 -5.9049900e-002
 -1.1074490e-001
 -6.3287420e-002
  4.9776160e-002
 -1.0259032e-001
 -2.4524402e-001
 -2.0925842e-001
 -1.5512518e-001
 -6.4826020e-002
 -2.3633680e-002
 -3.2817260e-002
 -1.3121220e-002
  3.9483220e-002
 -6.9742680e-002
 -1.7116386e-001
 -1.2466580e-001
  1.0102820e-002
  7.7197540e-002
  5.6940940e-002
  2.1216020e-002
  5.8650060e-002
  1.1688068e-001
  1.1896906e-001
  6.1378380e-002
  1.1342520e-002
 -2.5173260e-002
 -5.5612060e-002
 -9.2466920e-002
 -1.4838964e-001
  2.9540140e-002
  1.8230646e-001
  1.3502832e-001
  4.1842080e-002
 -3.6245300e-002
 -3.4776280e-002
 -1.7787000e-003
  6.7923800e-002
  7.2411220e-002
 -1.7689000e-003
 -5.2604440e-002
 -4.0102580e-002
 -8.0315900e-002
 -9.1707420e-002
 -5.4812380e-002
 -2.3454340e-002
  3.2477200e-003
  1.4684026e-001
  2.9155196e-001
  2.5754498e-001
  1.8619412e-001
  6.0868780e-002
 -8.0425660e-002
 -2.0374200e-001
 -1.4061432e-001
 -1.0682980e-002
  4.1981240e-002
  5.6663600e-003
 -3.8504200e-002
  1.3450500e-002
  1.0453954e-001
  2.0516104e-001
  2.3773820e-001
  1.7444196e-001
  3.9723320e-002
 -4.0102580e-002
 -6.7324040e-002
 -8.1045020e-002
 -4.3021020e-002
 -2.7790840e-002
 -5.1985080e-002
 -8.6121420e-002
 -1.2377596e-001
 -1.0424946e-001
 -6.6585120e-002
 -8.8249980e-002
 -7.0482580e-002
 -1.2381320e-002
  2.7577200e-003
  6.0668860e-002
  1.8292582e-001
  2.2794506e-001
  1.7386180e-001
  5.0715980e-002
 -8.4232960e-002
 -1.6049068e-001
 -1.7169306e-001
 -1.1903962e-001
 -8.7580640e-002
 -9.6833800e-002
 -7.6178340e-002
 -5.1345140e-002
 -6.8553940e-002
 -9.1537880e-002
 -8.1175360e-002
 -4.4680160e-002
  6.8257000e-003
  3.0149700e-002
 -2.5402580e-002
 -7.9345700e-002
 -2.4523520e-002
  4.1473600e-003
 -1.7657640e-002
 -1.2691000e-002
  2.7221460e-002
  7.7127960e-002
  1.0136140e-001
  1.2995192e-001
  1.5123752e-001
  1.3620726e-001
  8.9219200e-002
 -1.9297180e-002
 -8.1984840e-002
 -4.9356720e-002
  2.4663660e-002
  8.6761360e-002
  7.6678140e-002
  4.0423040e-002
  5.6002100e-002
  7.8326500e-002
  1.3280960e-002
 -4.4819320e-002
 -3.3177900e-002
 -1.2451880e-002
 -1.6668820e-002
  4.4982000e-004
  1.0383100e-002
  3.6914640e-002
  1.1062534e-001
  1.2530476e-001
  5.5352360e-002
 -1.1995200e-003
 -1.3250580e-002
  4.1375600e-003
  1.4200200e-002
 -8.3143200e-003
 -1.3650420e-002
  1.8007500e-002
  2.1914760e-002
 -2.2724240e-002
 -8.2839400e-003
  3.3297460e-002
  3.5816060e-002
  3.8833480e-002
  2.9649900e-002
 -7.2853200e-003
 -4.3930460e-002
 -3.4816460e-002
 -6.6154900e-002
 -9.4306380e-002
 -9.2557080e-002
 -8.2314120e-002
 -6.4816220e-002
 -2.8820820e-002
  4.4449860e-002
  7.9385880e-002
  1.0581844e-001
  1.0147116e-001
  6.0938360e-002
  1.0412500e-002
 -8.5831340e-002
 -1.8192622e-001
 -2.2577632e-001
 -2.1100674e-001
 -1.5854244e-001
 -5.3743200e-002
  2.5892580e-002
  5.9849580e-002
  9.8113680e-002
  1.0642800e-001
  6.7174100e-002
  4.7747560e-002
  5.7371160e-002
 -5.9190040e-002
 -1.4506156e-001
 -1.1764018e-001
 -9.8452760e-002
 -1.1648084e-001
 -7.9076200e-002
 -3.8123960e-002
 -8.1734940e-002
 -5.1205000e-002
  6.7044740e-002
  1.2287632e-001
  1.3436878e-001
  1.2039790e-001
  5.6821380e-002
  2.0745620e-002
  4.2401660e-002
  7.7437640e-002
  9.0718600e-002
  8.7750180e-002
  9.2077860e-002
  6.9452600e-002
  1.7647840e-002
 -9.8823200e-002
 -2.4743236e-001
 -2.4750194e-001
 -1.5474494e-001
 -5.3343360e-002
  1.0565870e-001
  2.0368222e-001
  2.3411122e-001
  3.0144506e-001
  3.4173776e-001
  2.1777266e-001
 -7.0771680e-002
 -2.2367814e-001
 -1.6693712e-001
 -1.5669220e-002
  1.1123490e-001
  6.5465960e-002
 -1.0309012e-001
 -1.6519762e-001
 -1.1352320e-001
 -8.6801540e-002
 -5.6301980e-002
  5.0625820e-002
  1.3146112e-001
  7.2900240e-002
 -3.2138120e-002
 -9.2647240e-002
 -9.9602300e-002
 -6.2437760e-002
 -2.5333000e-002
 -9.1541800e-003
  3.8543400e-002
  7.4589760e-002
  3.9023600e-002
 -2.3480800e-003
 -2.5752440e-002
  2.4004120e-002
  1.1997846e-001
  1.2694430e-001
  4.0742520e-002
 -5.4782980e-002
 -1.0104192e-001
 -7.3899840e-002
  9.2835400e-003
  5.5811980e-002
  7.2390640e-002
  6.2966960e-002
  5.1567600e-003
 -5.3254180e-002
 -6.7993380e-002
 -5.7671040e-002
 -4.6218760e-002
 -3.9463620e-002
 -3.6335460e-002
 -3.1788260e-002
 -4.0432840e-002
 -3.8223920e-002
 -3.6785280e-002
 -1.1462080e-002
  1.4600040e-002
  6.0760000e-003
  1.5040060e-002
  5.0585640e-002
  5.9299800e-002
  2.1166040e-002
 -2.5362400e-002
 -3.4316660e-002
  4.7863200e-003
  4.2111580e-002
  1.6848160e-002
 -3.0259460e-002
 -3.8843280e-002
 -4.6947880e-002
 -1.0674748e-001
 -1.4690984e-001
 -1.0570868e-001
 -2.1045500e-002
  4.5859100e-002
  7.7857080e-002
  1.0127124e-001
  7.2190720e-002
  2.4902780e-002
  1.6478700e-002
 -8.0948000e-004
 -1.9166840e-002
 -9.2433600e-003
 -1.9216820e-002
 -7.4389840e-002
 -1.0079202e-001
 -1.0250996e-001
 -7.6887860e-002
 -1.2052040e-002
  3.0678900e-002
  2.8550340e-002
 -3.8171000e-003
 -9.2041600e-003
  8.5240400e-003
  4.8616820e-002
  1.0242078e-001
  1.2299686e-001
  1.4168350e-001
  1.2368580e-001
  2.6402180e-002
 -7.0952000e-002
 -1.1461198e-001
 -1.2419540e-001
 -8.0325700e-002
 -8.5240400e-003
  3.3816860e-002
  6.9823040e-002
  1.1230408e-001
  1.1299302e-001
  8.7500280e-002
  6.4116500e-002
  3.7671200e-003
 -7.4669140e-002
 -8.6851520e-002
 -3.8843280e-002
  1.8090800e-003
  1.4740180e-002
  1.9057080e-002
  3.2907420e-002
  2.6711860e-002
  2.5202660e-002
  2.0046880e-002
  1.5479100e-002
  1.8107460e-002
  4.7363400e-003
 -2.0585880e-002
 -5.0745380e-002
 -8.2114200e-002
 -7.9116380e-002
 -6.1357800e-003
  4.7787740e-002
  5.1645020e-002
  1.6287600e-003
 -4.5299520e-002
 -1.7578260e-002
  8.3643000e-003
 -1.1432680e-002
 -3.2637920e-002
 -5.9659460e-002
 -9.6954340e-002
 -8.3373500e-002
 -4.3840300e-002
 -2.1952000e-004
  3.4176520e-002
  4.1651960e-002
  2.9140300e-002
  2.5186000e-003
 -2.0506500e-002
 -3.5966000e-004
  2.2414560e-002
 -3.3574800e-003
 -1.1162200e-002
 -1.4090440e-002
 -1.7557680e-002
 -2.3224040e-002
 -1.7768380e-002
 -1.3494600e-003
  1.2611620e-002
  3.3397420e-002
  3.8854060e-002
  2.4402980e-002
 -5.8457000e-003
 -3.3566960e-002
 -5.0895320e-002
 -6.6175480e-002
 -7.9146760e-002
 -6.4606500e-002
 -1.7688020e-002
  8.1340000e-003
  2.0036100e-002
  2.1395360e-002
  1.3430900e-002
  3.3716900e-002
  6.1218640e-002
  6.2357400e-002
  3.2207700e-002
 -1.0723160e-002
 -6.0418960e-002
 -6.7764060e-002
 -3.9173540e-002
 -5.7163400e-003
  2.8610120e-002
  3.9283300e-002
  3.9373460e-002
  2.9469580e-002
  1.3700400e-002
  7.9968000e-004
 -1.5030260e-002
 -1.0033240e-002
  6.5052400e-003
  2.6951960e-002
  3.7314480e-002
  4.2371280e-002
  5.5492500e-002
  5.3283580e-002
  3.4716500e-002
  1.3592600e-003
 -4.0223120e-002
 -8.4971880e-002
 -5.1235380e-002
  3.3916820e-002
  8.5892100e-002
  9.5964540e-002
  4.9246960e-002
 -4.4874200e-003
 -1.6209200e-002
  3.6904840e-002
  6.9702500e-002
  5.0765960e-002
  1.1593400e-003
 -4.1542200e-002
 -7.1481200e-002
 -7.3090360e-002
 -5.9319400e-002
 -4.4649780e-002
  1.3500480e-002
  5.5123040e-002
  8.1244940e-002
  9.5015900e-002
  7.6728120e-002
  3.3367040e-002
  2.4010000e-004
  8.7141600e-003
 -9.1924000e-004
 -1.9600000e-005
  2.7930980e-002
  2.7850620e-002
  1.4050260e-002
 -1.1881520e-002
  3.8768800e-003
  1.6718800e-002
  1.9456920e-002
  2.0485920e-002
  8.4142800e-003
  2.2014720e-002
  4.5659180e-002
  8.0635380e-002
  8.9089840e-002
  9.7173860e-002
  8.4162400e-002
  1.0932880e-002
 -5.3983300e-002
 -1.1596144e-001
 -1.3018124e-001
 -1.0056172e-001
 -7.8936060e-002
 -4.4619400e-002
 -5.0568000e-003
  1.2561640e-002
  2.7479200e-003
  1.9526500e-002
  4.2840700e-002
  2.4852800e-002
 -6.7149600e-003
 -1.6209200e-002
 -8.2447400e-003
  2.5173260e-002
  3.4806660e-002
 -1.2351920e-002
 -8.2604200e-002
 -1.0115168e-001
 -8.4552440e-002
 -5.7820980e-002
 -3.9543000e-002
 -3.4406820e-002
 -1.0495800e-003
  3.5035980e-002
  6.9392820e-002
  6.4406580e-002
  2.9430380e-002
 -2.5473140e-002
 -4.5859100e-002
 -1.7747800e-002
  4.2690760e-002
  6.4726060e-002
  3.0049740e-002
 -1.5429120e-002
 -6.0228840e-002
 -7.8906660e-002
 -8.4312340e-002
 -6.5345420e-002
 -6.1538120e-002
 -3.4116740e-002
  7.2755200e-003
  3.3117140e-002
  4.4330300e-002
  4.1892060e-002
  8.4838600e-003
 -3.3457200e-002
 -3.3337640e-002
 -3.5276080e-002
 -3.5456400e-002
 -3.9133360e-002
 -1.8837560e-002
  1.0113600e-002
  4.1531420e-002
  5.3443320e-002
  7.4646600e-003
 -2.5902380e-002
 -3.3407220e-002
 -1.2451880e-002
 -9.2541400e-003
  2.8478800e-003
  1.8517100e-002
  1.6838360e-002
  2.5772040e-002
  3.4536180e-002
  1.5669220e-002
 -4.2900480e-002
 -7.3680320e-002
 -6.5305240e-002
 -5.2983700e-002
 -2.7971160e-002
  9.0934200e-003
  1.5859340e-002
  3.4736100e-002
  6.3297220e-002
  6.7254460e-002
  7.2450420e-002
  7.7367080e-002
  8.6481080e-002
  7.1151920e-002
  5.0625820e-002
  2.6671680e-002
 -2.4583300e-002
 -5.9099880e-002
 -7.7477820e-002
 -6.0759020e-002
 -5.0275960e-002
 -3.4406820e-002
  4.2267400e-003
  5.5671840e-002
  7.6268500e-002
  5.9380160e-002
  2.9109920e-002
  1.7987900e-002
  2.0866160e-002
  2.6721660e-002
  4.7867120e-002
  7.1940820e-002
  9.7144460e-002
  6.9142920e-002
  3.9193140e-002
  2.3423960e-002
  4.1767600e-003
 -1.7578260e-002
 -2.0266400e-002
 -2.7751640e-002
 -4.3610000e-002
 -4.9376320e-002
 -3.6854860e-002
  3.8004400e-002
  1.5124732e-001
  1.7355212e-001
  1.2660424e-001
  2.0385960e-002
 -8.7390520e-002
 -1.3009206e-001
 -1.5746346e-001
 -1.4329266e-001
 -7.8726340e-002
  1.8688600e-003
  6.2527920e-002
  7.7487620e-002
  4.3709960e-002
  1.3880720e-002
 -1.8482800e-003
  1.1702180e-002
  3.3707100e-002
  4.7637800e-002
  5.6565600e-003
 -7.2101540e-002
 -1.1922876e-001
 -1.0456894e-001
 -2.7961360e-002
  3.4347040e-002
  4.9766360e-002
  1.2351920e-002
 -2.8560140e-002
 -3.3707100e-002
 -3.1138520e-002
 -1.1681600e-002
 -1.6459100e-002
 -7.2600360e-002
 -1.1413276e-001
 -1.0762654e-001
 -9.2247400e-002
 -1.4490280e-002
  8.5242360e-002
  1.3738718e-001
  1.4999782e-001
  1.1950904e-001
  2.4733240e-002
 -4.0252520e-002
 -5.2384920e-002
 -5.2424120e-002
 -3.6065960e-002
 -3.1348240e-002
 -2.1585480e-002
 -3.4878200e-003
  3.1548160e-002
  3.1458980e-002
  9.6236000e-003
 -8.6543800e-003
 -4.8167000e-002
 -6.3726460e-002
 -5.1135420e-002
 -1.1921700e-002
  2.2854580e-002
  2.1125860e-002
  2.0776000e-002
  3.0349620e-002
  4.8576640e-002
  5.1304960e-002
  5.6651840e-002
  3.6464820e-002
 -7.2755200e-003
 -4.8676600e-002
 -5.6651840e-002
 -4.0532800e-002
 -5.2067400e-003
  5.1454900e-002
  4.6838120e-002
  2.2604680e-002
  2.7241060e-002
  1.4899920e-002
 -1.5339940e-002
 -4.3480640e-002
 -6.4756440e-002
 -9.0638240e-002
 -1.0635744e-001
 -8.7850140e-002
 -6.5155300e-002
 -4.4430260e-002
 -3.0259460e-002
 -2.6232640e-002
 -4.0964000e-004
  1.4200200e-002
  1.6149420e-002
  5.6331380e-002
  7.3080560e-002
  5.1864540e-002
  1.8807180e-002
 -3.2857440e-002
 -5.5012300e-002
 -3.6725500e-002
 -9.4962000e-004
  1.0962280e-002
  2.0745620e-002
  6.9756400e-003
 -1.4790160e-002
 -3.1698100e-002
 -4.0942440e-002
 -3.2168500e-002
 -2.5592700e-002
 -1.4592200e-003
  5.4592860e-002
  1.0232082e-001
  9.6164460e-002
  6.5625700e-002
  2.5542720e-002
 -1.7208800e-002
 -3.7144940e-002
 -2.2054900e-002
 -2.5283020e-002
 -1.9047280e-002
 -1.5919120e-002
 -3.6525580e-002
 -4.0832680e-002
 -1.2401900e-002
  2.4983140e-002
  1.7778180e-002
  1.5569260e-002
  2.4493140e-002
  2.5662280e-002
  1.7568460e-002
  3.5172200e-003
 -2.1475720e-002
 -6.6035340e-002
 -6.8043360e-002
 -4.9876120e-002
 -2.8050540e-002
  2.1635460e-002
  4.7247760e-002
  4.6658780e-002
  4.8706980e-002
  4.6868500e-002
  5.4952520e-002
  7.7487620e-002
  6.9102740e-002
  2.6121900e-002
 -1.0652600e-002
 -7.1990800e-002
 -1.0061170e-001
 -6.8183500e-002
 -3.1038560e-002
  9.4432800e-003
  2.6881400e-002
  8.6044000e-003
 -1.0942680e-002
 -7.6645800e-003
  1.7747800e-002
  2.7980960e-002
  1.0383100e-002
 -2.3083900e-002
 -5.1675400e-002
 -4.8516860e-002
 -7.1853600e-003
  1.8507300e-002
  3.2957400e-002
  5.1545060e-002
  2.0006700e-002
 -7.9144800e-003
 -2.5162480e-002
 -2.8990360e-002
 -7.9046800e-003
 -5.7457400e-003
 -1.5199800e-002
 -1.2651800e-002
 -2.1305200e-002
 -1.0573220e-002
  1.0183180e-002
  2.1985320e-002
  2.1775600e-002
  2.9240260e-002
  4.8007260e-002
  5.3523680e-002
  4.0642560e-002
 -2.6185600e-003
 -4.7817140e-002
 -8.3523440e-002
 -9.3247000e-002
 -8.1504640e-002
 -4.6478460e-002
 -7.7743400e-003
  3.7954420e-002
  5.8450140e-002
  4.9596820e-002
  2.9780240e-002
  1.8976720e-002
  1.7198020e-002
  1.3380920e-002
  1.1802140e-002
 -1.2531260e-002
 -3.1518760e-002
 -4.4080400e-002
 -6.3826420e-002
 -7.2221100e-002
 -3.2847640e-002
  1.8997300e-002
  2.6971560e-002
  8.3643000e-003
 -3.7385040e-002
 -6.3137480e-002
 -4.9666400e-002
 -1.5279180e-002
  1.9896940e-002
  5.3853940e-002
  5.3094440e-002
  1.9016900e-002
  2.1135660e-002
  2.9769460e-002
  2.8300440e-002
  3.9642960e-002
  3.2297860e-002
 -2.5480000e-003
 -2.2214640e-002
 -4.2221340e-002
 -5.3963700e-002
 -4.6498060e-002
 -3.7634940e-002
 -3.7774100e-002
 -3.1318840e-002
 -1.3280960e-002
  8.2741400e-003
  2.6292420e-002
  4.4069620e-002
  5.5981520e-002
  5.2234980e-002
  2.3324000e-002
 -1.8807180e-002
 -6.0899160e-002
 -8.4822920e-002
 -5.9769220e-002
 -3.6475600e-002
  1.7787000e-003
  5.6052080e-002
  9.0159020e-002
  8.8059860e-002
  4.7587820e-002
 -1.1102420e-002
 -4.2601580e-002
 -4.3659980e-002
 -2.3354380e-002
  1.2192180e-002
  5.6163800e-003
  6.4954400e-003
  1.4480480e-002
  1.6888340e-002
  1.6188620e-002
  2.0046880e-002
  2.6461960e-002
  2.8770840e-002
  1.7538080e-002
  1.5439900e-002
  2.0785800e-003
 -1.1072040e-002
 -1.7128440e-002
 -2.6342400e-002
 -8.2839400e-003
  1.3880720e-002
  2.6702060e-002
  1.2541060e-002
  1.1202380e-002
  7.2647400e-003
 -5.9976000e-004
 -1.2061840e-002
 -3.3574800e-003
  3.8474800e-003
  5.0960000e-004
 -1.1371920e-002
 -1.7837960e-002
 -1.6359140e-002
 -1.7307780e-002
 -8.4946400e-003
 -8.3241200e-003
 -1.8667040e-002
 -2.7331220e-002
 -3.4966400e-002
 -3.1268860e-002
 -7.6930000e-004
  2.3133880e-002
  2.0295800e-002
  6.0054400e-003
 -1.7268580e-002
 -2.6621700e-002
 -2.4004120e-002
 -1.9796980e-002
 -1.1289600e-003
  3.2787860e-002
  3.9293100e-002
  1.8726820e-002
  1.5679020e-002
  1.4990080e-002
  5.5958000e-003
 -5.5664000e-003
 -5.9358600e-003
 -2.0576080e-002
 -2.9200080e-002
 -3.1199280e-002
 -2.7740860e-002
 -7.3049200e-003
  2.3030000e-004
  2.8950180e-002
  4.4789920e-002
  4.6988060e-002
  3.7624160e-002
  1.6091600e-003
 -6.4954400e-003
 -5.0068200e-003
 -7.1148000e-003
 -3.1281600e-003
 -1.1571840e-002
 -2.9640100e-002
 -3.6264900e-002
 -2.2185240e-002
  1.5439900e-002
  4.5918880e-002
  4.8147400e-002
  2.3404360e-002
  6.6934000e-004
 -1.7947720e-002
 -3.5925820e-002
 -2.5532920e-002
 -4.2571200e-003
  4.0768000e-003
  9.4334800e-003
  1.9916540e-002
  2.0835780e-002
  5.3883340e-002
  7.2171120e-002
  4.8887300e-002
  8.1947600e-003
 -4.5189760e-002
 -5.9679060e-002
 -5.1595040e-002
 -2.0635860e-002
 -2.4284400e-003
  1.1052440e-002
  1.8057480e-002
 -1.9090400e-003
 -1.8467120e-002
 -1.7248000e-002
 -1.0013640e-002
 -9.8029400e-003
  4.1169800e-003
  2.0476120e-002
  4.0682740e-002
  3.8923640e-002
  2.3133880e-002
  1.5789760e-002
  1.5069460e-002
  1.4210000e-002
 -7.1549800e-003
 -1.1652200e-002
  8.4740600e-003
  3.1398220e-002
  5.7930740e-002
  5.4752600e-002
  2.4713640e-002
  1.0052840e-002
 -1.9356960e-002
 -4.6368700e-002
 -4.4540020e-002
 -2.7131300e-002
 -1.1042640e-002
 -1.2890920e-002
 -8.3946800e-003
  9.9636600e-003
  2.0476120e-002
  4.7617220e-002
  5.5742400e-002
  2.8450380e-002
  1.2311740e-002
 -9.0944000e-004
 -1.0862320e-002
 -7.8047200e-003
 -3.6275680e-002
 -6.0868780e-002
