  9.9960000e-004
  1.2990880e-002
  1.8987500e-002
  1.5988700e-002
 -5.9956400e-003
 -4.9970200e-003
  6.5954980e-002
  2.0985720e-001
  3.2677806e-001
  3.4876338e-001
  3.3777072e-001
  3.4576556e-001
  2.2684648e-001
  5.0965880e-002
 -7.5948040e-002
 -1.0093118e-001
 -2.5982740e-002
 -3.7974020e-002
 -7.9948400e-003
 -6.5954980e-002
 -2.3983540e-002
  1.2891214e-001
  2.4283518e-001
  2.8980364e-001
  3.1578540e-001
  3.4576556e-001
  3.7074870e-001
  3.7874256e-001
  3.7774394e-001
  3.6675128e-001
  2.9080226e-001
  1.3690698e-001
  1.4990080e-002
 -6.5954980e-002
 -1.2091828e-001
 -1.6288972e-001
 -1.4789964e-001
 -1.3690698e-001
 -2.7081614e-001
 -4.2671062e-001
 -5.0365826e-001
 -4.0272708e-001
 -1.9187028e-001
 -1.3191094e-001
 -3.0279452e-001
 -5.3263882e-001
 -6.6654798e-001
 -7.4449522e-001
 -7.9745932e-001
 -6.6255056e-001
 -4.4369892e-001
 -2.8380702e-001
 -3.4876338e-001
 -3.2178202e-001
 -4.0971840e-002
  3.3877032e-001
  7.4149642e-001
  1.0392949e+000
  1.1891928e+000
  1.2291660e+000
  1.0892612e+000
  9.0238792e-001
  7.5448828e-001
  6.6255056e-001
  5.7061284e-001
  5.0166004e-001
  4.3970150e-001
  3.2777766e-001
  1.6988300e-002
 -3.4676516e-001
 -6.1957952e-001
 -7.2550772e-001
 -7.7147658e-001
 -8.2544028e-001
 -9.5535202e-001
 -1.1092473e+000
 -1.1891928e+000
 -1.1492205e+000
 -9.6734330e-001
 -8.2444068e-001
 -7.3749998e-001
 -6.2457654e-001
 -5.6361760e-001
 -7.6248312e-001
 -9.7433854e-001
 -1.2091799e+000
 -1.2991184e+000
 -1.3390916e+000
 -1.3990509e+000
 -1.4490172e+000
 -1.3790648e+000
 -1.1092473e+000
 -7.8946448e-001
 -4.3670368e-001
 -1.3630722e-001
  1.4889924e-001
  4.0672450e-001
  6.7354322e-001
  9.3936234e-001
  1.2591461e+000
  1.5289627e+000
  1.5289627e+000
  1.1592136e+000
  7.8346884e-001
  5.1265172e-001
  8.7440696e-001
  1.2591461e+000
  1.5689359e+000
  1.7288268e+000
  1.8187663e+000
  1.7088407e+000
  1.4690033e+000
  1.2191729e+000
  1.3690708e+000
  1.5889220e+000
  1.5489488e+000
  1.1092473e+000
  6.6055136e-001
  2.1385462e-001
 -3.1478678e-001
 -9.2936928e-001
 -1.3290985e+000
 -1.5889220e+000
 -1.6089081e+000
 -1.4889895e+000
 -1.3990509e+000
 -1.4390232e+000
 -1.4390232e+000
 -1.2391590e+000
 -8.6041648e-001
 -3.9872966e-001
  9.9960000e-004
  3.7074870e-001
  6.3357000e-001
  6.4556226e-001
  5.1365132e-001
  2.0586076e-001
 -1.8587366e-001
 -5.4862752e-001
 -6.6255056e-001
 -5.7960630e-001
 -4.5269238e-001
 -3.6175426e-001
 -2.9679888e-001
 -2.1085680e-001
 -1.1492166e-001
 -9.9930600e-003
  2.4583300e-001
  5.9459638e-001
  9.1737800e-001
  1.1392275e+000
  1.3191055e+000
  1.3790648e+000
  1.3191055e+000
  1.1292334e+000
  8.4842422e-001
  5.6461720e-001
  3.3377330e-001
  1.6488794e-001
  1.3091134e-001
  2.7781138e-001
  6.8653410e-001
  9.5735024e-001
  1.0792681e+000
  1.2891253e+000
  1.3990509e+000
  1.3990509e+000
  1.0392949e+000
  6.4356306e-001
  2.8780444e-001
  3.4976200e-002
 -6.0958940e-002
 -1.2791352e-001
 -1.9686632e-001
 -3.0779154e-001
 -4.2171360e-001
 -5.0665608e-001
 -5.7660848e-001
 -5.4363148e-001
 -2.9579928e-001
  2.3983540e-002
  2.6881792e-001
  4.0372570e-001
  4.6368504e-001
  4.3770328e-001
  3.4776378e-001
  1.3990480e-001
 -1.2491570e-001
 -3.7774394e-001
 -5.8360372e-001
 -7.6448134e-001
 -9.9932168e-001
 -1.1991868e+000
 -1.3590777e+000
 -1.5189696e+000
 -1.5989151e+000
 -1.6189012e+000
 -1.5989151e+000
 -1.4989825e+000
 -1.2591461e+000
 -9.9332604e-001
 -7.0252378e-001
 -4.5469158e-001
 -3.0978976e-001
 -2.7381396e-001
 -2.7681178e-001
 -2.8980364e-001
 -3.7974216e-001
 -5.5062672e-001
 -8.2144286e-001
 -9.3436630e-001
 -7.1551466e-001
 -4.0672450e-001
 -1.0592820e-001
  1.4989786e-001
  2.9579928e-001
  3.6075564e-001
  4.2671062e-001
  4.3070804e-001
  4.2371280e-001
  5.5762196e-001
  7.4449522e-001
  8.5841728e-001
  9.4935540e-001
  9.9932168e-001
  1.0792681e+000
  1.1891928e+000
  1.2291660e+000
  1.1791997e+000
  1.0692741e+000
  9.4735718e-001
  8.2743850e-001
  6.5255750e-001
  5.1365132e-001
  4.7068028e-001
  4.2571102e-001
  3.6874950e-001
  2.6981654e-001
  3.5975800e-002
 -4.4369892e-001
 -9.7034112e-001
 -1.3290985e+000
 -1.6488814e+000
 -1.7588070e+000
 -1.5089766e+000
 -1.2191729e+000
 -9.3936234e-001
 -6.3556920e-001
 -3.7674434e-001
 -1.6388834e-001
 -2.8980560e-002
  9.9932560e-002
  2.3783816e-001
  5.1165310e-001
  7.3350256e-001
  8.2244246e-001
  9.4136154e-001
  1.2091799e+000
  1.4690033e+000
  1.5589419e+000
  1.4290301e+000
  1.1592136e+000
  8.6441390e-001
  4.9166600e-001
  1.5289666e-001
 -7.0952000e-002
 -1.8087762e-001
 -2.0486116e-001
 -1.8387544e-001
 -1.2991174e-001
 -8.8939900e-002
 -1.1392304e-001
 -1.6988496e-001
 -1.2591432e-001
  4.7967080e-002
  2.0985720e-001
  3.0879016e-001
  3.3577250e-001
  3.6475208e-001
  4.8966778e-001
  6.8653410e-001
  9.5635064e-001
  1.1092473e+000
  1.2391590e+000
  1.3790648e+000
  1.4989825e+000
  1.4889895e+000
  1.2991184e+000
  9.9432564e-001
  6.9252974e-001
  3.7474612e-001
  1.0692780e-001
 -6.1957560e-002
 -1.2991174e-001
 -6.6954580e-002
  5.8959740e-002
  1.2991174e-001
  9.4935540e-002
 -1.0293038e-001
 -2.9579928e-001
 -4.4569714e-001
 -4.8367214e-001
 -4.4369892e-001
 -4.2371280e-001
 -4.7667690e-001
 -5.7161244e-001
 -6.8953192e-001
 -8.0745238e-001
 -8.7540558e-001
 -9.1637840e-001
 -9.5535202e-001
 -9.9532426e-001
 -9.8133378e-001
 -8.9839050e-001
 -8.5242164e-001
 -8.5242164e-001
 -8.2843810e-001
 -7.5448828e-001
 -7.2750594e-001
 -7.8246924e-001
 -8.6441390e-001
 -9.2237404e-001
 -9.2836968e-001
 -9.1837662e-001
 -8.6441390e-001
 -8.3843116e-001
 -8.9039566e-001
 -7.6747916e-001
 -4.7068028e-001
 -2.2684648e-001
 -1.2391610e-001
 -6.7954180e-002
  5.5961920e-002
  1.4989786e-001
  2.2184946e-001
  2.6881792e-001
  3.2477984e-001
  3.7474612e-001
  3.6874950e-001
  2.3384172e-001
  9.6933760e-002
  5.4962320e-002
  1.1492166e-001
  1.2391610e-001
  1.7088358e-001
  2.9579928e-001
  3.4076854e-001
  2.2884470e-001
  1.2391610e-001
  9.2937320e-002
  1.4390222e-001
  1.3690698e-001
  8.0945060e-002
  8.6940700e-002
  9.6933760e-002
  5.0965880e-002
 -5.0965880e-002
 -1.7188318e-001
 -3.4376636e-001
 -5.3163922e-001
 -7.2650732e-001
 -9.0738396e-001
 -9.4435936e-001
 -8.7140914e-001
 -6.9852636e-001
 -5.1365132e-001
 -3.1978282e-001
 -1.5189706e-001
 -4.9966280e-002
 -1.9986120e-002
 -6.9952400e-002
  8.6940700e-002
  2.1985124e-001
  3.4276774e-001
  4.3770328e-001
  5.5062672e-001
  6.6454878e-001
  7.7547400e-001
  7.9146270e-001
  7.4449522e-001
  7.4949126e-001
  8.8440002e-001
  9.9932168e-001
  9.9932168e-001
  8.9539268e-001
  7.6248312e-001
  7.3849860e-001
  7.6348174e-001
  7.6448134e-001
  7.3949820e-001
  7.6148352e-001
  8.0345496e-001
  7.5248908e-001
  5.6361760e-001
  4.1272014e-001
  3.2577846e-001
  3.1378718e-001
  3.5575862e-001
  3.5176120e-001
  3.1878322e-001
  2.7681178e-001
  2.1885164e-001
  1.5589448e-001
  5.5961920e-002
 -6.1957560e-002
 -1.3890618e-001
 -1.9187028e-001
 -2.0186334e-001
 -1.5889230e-001
 -1.3091134e-001
 -1.2291650e-001
 -1.1792046e-001
 -8.8939900e-002
 -5.6961520e-002
 -2.6981360e-002
 -1.3990480e-002
 -1.7987900e-002
 -1.5988700e-002
 -1.0992660e-002
 -3.1978380e-002
 -1.0592820e-001
 -1.7688020e-001
 -2.5282824e-001
 -3.0679194e-001
 -3.3277468e-001
 -3.2877726e-001
 -3.1478678e-001
 -3.2577846e-001
 -3.4976298e-001
 -3.7274692e-001
 -3.7174732e-001
 -3.9073482e-001
 -3.8174136e-001
 -3.4176814e-001
 -3.6675128e-001
 -4.6268642e-001
 -5.3563664e-001
 -6.3756742e-001
 -6.6654798e-001
 -6.3357000e-001
 -5.2564358e-001
 -3.2877726e-001
 -1.4290262e-001
 -2.5982740e-002
 -7.1951600e-002
 -2.0685938e-001
 -2.9180186e-001
 -2.8280840e-001
 -2.0186334e-001
 -1.6888536e-001
 -1.8687326e-001
 -2.0586076e-001
 -1.7388238e-001
 -8.5942080e-002
  7.1951600e-002
  1.7388238e-001
  1.9786592e-001
  1.6888536e-001
  7.7347480e-002
 -3.3976600e-002
 -1.1492166e-001
 -1.3990480e-001
 -1.3191094e-001
 -1.5289666e-001
 -2.5083002e-001
 -3.6475208e-001
 -4.1671756e-001
 -2.9080226e-001
 -1.1991868e-001
 -3.3976600e-002
 -5.0965880e-002
 -1.3191094e-001
 -1.4090440e-001
 -6.7954180e-002
  3.3976600e-002
  9.8932960e-002
  1.1891908e-001
  1.0492860e-001
  7.2950220e-002
  5.5961920e-002
  5.8959740e-002
  2.6981360e-002
 -9.1937720e-002
 -1.7188318e-001
 -2.1985124e-001
 -2.5882486e-001
 -2.4283518e-001
 -1.3790658e-001
 -4.3970640e-002
  5.9959340e-002
  1.7088358e-001
  2.2084986e-001
  1.9187028e-001
  9.7933360e-002
  2.1985320e-002
 -2.1985320e-002
 -6.9952400e-003
  8.0945060e-002
  2.3284212e-001
  4.3170666e-001
  5.7960630e-001
  5.8560292e-001
  5.0665608e-001
  4.7167988e-001
  5.4962712e-001
  6.0758726e-001
  5.7960630e-001
  4.6868206e-001
  3.8174136e-001
  3.0479274e-001
  1.7787882e-001
  8.3942880e-002
  4.0971840e-002
  8.7940300e-002
  1.7088358e-001
  1.7288278e-001
  5.7961120e-002
 -9.1937720e-002
 -1.6988496e-001
 -1.5189706e-001
 -3.3976600e-002
 -5.5961920e-002
 -8.8939900e-002
 -1.6488794e-001
 -2.1085680e-001
 -2.0586076e-001
 -1.6688714e-001
 -1.2891214e-001
 -1.1092522e-001
 -1.1392304e-001
 -1.6288972e-001
 -2.2384768e-001
 -2.5782526e-001
 -2.4883082e-001
 -2.3484034e-001
 -2.2784510e-001
 -2.2584688e-001
 -2.2584688e-001
 -2.2184946e-001
 -2.1785204e-001
 -2.1585382e-001
 -2.1985124e-001
 -2.3184252e-001
 -2.4183558e-001
 -2.6182268e-001
 -3.2677806e-001
 -4.0972232e-001
 -4.7467770e-001
 -4.8467076e-001
 -4.0372570e-001
 -2.5782526e-001
 -1.3690698e-001
 -5.6961520e-002
  1.9986120e-002
  1.4590142e-001
  2.5083002e-001
  3.1178896e-001
  3.5475902e-001
  3.9373264e-001
  4.4269932e-001
  4.9366520e-001
  5.0665608e-001
  4.6368504e-001
  3.8074176e-001
  2.6781832e-001
  1.3290956e-001
  1.4990080e-002
 -4.7967080e-002
 -6.0958940e-002
 -5.0965880e-002
 -6.6954580e-002
 -1.4889924e-001
 -2.7581316e-001
 -4.1471836e-001
 -5.2864140e-001
 -5.7860768e-001
 -5.5462414e-001
 -4.5768940e-001
 -2.9080226e-001
 -1.1292344e-001
 -4.9970200e-003
  1.2191690e-001
  2.5882486e-001
  3.8873660e-001
  4.7767552e-001
  4.8966778e-001
  4.5968860e-001
  4.2471142e-001
  3.3976992e-001
  1.9686632e-001
  5.5961920e-002
 -8.6940700e-002
 -1.1692086e-001
 -6.3956760e-002
 -6.3956760e-002
 -1.9486810e-001
 -4.5968860e-001
 -6.4156484e-001
 -7.3250296e-001
 -7.7047698e-001
 -7.8346884e-001
 -7.7447440e-001
 -7.3749998e-001
 -5.8360372e-001
 -3.5376040e-001
 -1.4590142e-001
 -3.8973620e-002
  1.1992260e-002
  2.3983540e-002
 -2.4983140e-002
 -2.3783816e-001
 -4.8467076e-001
 -5.8060590e-001
 -4.5069416e-001
 -1.6488794e-001
  1.0892602e-001
  2.3484034e-001
  2.6981654e-001
  1.7188318e-001
  1.8987500e-002
 -1.5789270e-001
 -2.4983042e-001
 -2.8680582e-001
 -2.7081614e-001
 -2.0785898e-001
 -1.1392304e-001
 -6.0958940e-002
 -6.4956360e-002
 -8.7940300e-002
 -6.7954180e-002
 -6.0958940e-002
 -6.0958940e-002
 -4.9966280e-002
 -4.5968860e-002
 -5.8959740e-002
 -1.0293038e-001
 -1.0392900e-001
  2.5982740e-002
  1.5889230e-001
  2.2684648e-001
  1.9486810e-001
  1.7488100e-001
  1.1991868e-001
  2.8980560e-002
 -6.0958940e-002
 -5.2964100e-002
  1.5789270e-001
  3.5376040e-001
  4.5668980e-001
  4.0772312e-001
  2.8380702e-001
  2.2384768e-001
  1.9686632e-001
  1.7887842e-001
  1.2091828e-001
  3.5975800e-002
 -5.6961520e-002
 -1.1692086e-001
 -1.6588754e-001
 -1.8087762e-001
 -1.7388238e-001
 -1.3890618e-001
 -1.4190400e-001
 -1.7088358e-001
 -2.3883776e-001
 -3.0779154e-001
 -3.7774394e-001
 -3.1878322e-001
 -2.0885858e-001
 -1.4590142e-001
 -1.1692086e-001
 -1.0492860e-001
 -9.8932960e-002
 -3.5975800e-002
  1.3790658e-001
  3.3477290e-001
  5.1265172e-001
  6.1058606e-001
  5.9459638e-001
  4.7867512e-001
  3.7074870e-001
  4.2271320e-001
  4.6968166e-001
  4.4070110e-001
  3.5376040e-001
  2.4583300e-001
  1.6788576e-001
  1.9486810e-001
  2.9579928e-001
  3.7774394e-001
  3.8673740e-001
  3.1578540e-001
  2.0186334e-001
  5.2964100e-002
 -7.6947640e-002
 -1.9187028e-001
 -2.8580622e-001
 -3.1678500e-001
 -3.3377330e-001
 -3.0379412e-001
 -2.5282824e-001
 -2.1485422e-001
 -2.1885164e-001
 -2.1385462e-001
 -1.1891908e-001
  1.2990880e-002
  9.0938120e-002
  9.6933760e-002
  2.9979180e-002
 -6.8952800e-002
 -1.6988496e-001
 -1.8587366e-001
 -8.4942480e-002
  7.3949820e-002
  2.3084292e-001
  3.3777072e-001
  3.7474612e-001
  3.7074870e-001
  3.1378718e-001
  2.0985720e-001
  1.3890618e-001
  1.3990480e-001
  1.5189706e-001
  1.3290956e-001
  8.3942880e-002
 -1.0193078e-001
 -2.7781138e-001
 -3.7574474e-001
 -2.7581316e-001
 -2.2784510e-001
 -3.4376636e-001
 -3.0279452e-001
 -1.8787286e-001
 -1.5589448e-001
 -1.5589448e-001
 -9.8932960e-002
 -3.6975400e-002
 -1.9982200e-003
  5.4962320e-002
  1.0992562e-001
  8.3942880e-002
 -3.8973620e-002
 -1.5189706e-001
 -1.2191690e-001
 -5.4962320e-002
 -3.0978780e-002
 -1.9982200e-003
  1.9986120e-002
  8.9934600e-003
 -1.1992260e-002
 -1.9986120e-002
 -1.2191690e-001
 -2.5582606e-001
 -3.5875644e-001
 -4.5668980e-001
 -5.0965390e-001
 -5.3063962e-001
 -4.3170666e-001
 -2.1285600e-001
 -9.9960000e-004
  4.3970640e-002
 -3.9974200e-003
 -1.1292344e-001
 -2.5982348e-001
 -3.1478678e-001
 -2.3484034e-001
 -1.1392304e-001
 -5.7961120e-002
  9.9960000e-004
  6.8952800e-002
  1.6988496e-001
  2.2784510e-001
  2.2984430e-001
  1.9486810e-001
  1.6588754e-001
  1.4290262e-001
  9.9932560e-002
  6.9952400e-002
  1.0492860e-001
  1.1592126e-001
  9.5935140e-002
  1.8987500e-002
 -4.9966280e-002
  1.5589448e-001
  4.9166600e-001
  6.2657476e-001
  5.9159856e-001
  4.1771618e-001
  1.5389528e-001
 -4.5968860e-002
 -8.5942080e-002
  4.1971440e-002
  2.4683260e-001
  4.3170666e-001
  4.4669674e-001
  3.0679194e-001
  1.0792642e-001
 -1.4990080e-002
 -3.0978780e-002
 -9.5935140e-002
 -1.9986414e-001
 -3.1878322e-001
 -3.1678500e-001
 -2.2484728e-001
 -1.6588754e-001
 -1.4490182e-001
 -6.4956360e-002
  5.4962320e-002
  1.0992562e-001
  1.6988300e-002
 -1.4989786e-001
 -2.4283518e-001
 -1.6688714e-001
  5.6961520e-002
  2.6981654e-001
  3.3577250e-001
  3.0779154e-001
  2.2884470e-001
  2.2084986e-001
  3.1978282e-001
  4.4369892e-001
  4.5569118e-001
  3.1878322e-001
  4.9966280e-002
 -1.0892602e-001
 -1.7388238e-001
 -1.1792046e-001
  4.0971840e-002
  2.2984430e-001
  4.0872272e-001
  5.0265866e-001
  4.2771022e-001
  2.7481356e-001
  2.9080226e-001
  3.7374652e-001
  3.6075564e-001
  2.3084292e-001
  1.1991868e-001
  5.3963700e-002
 -1.4990080e-002
 -1.1991868e-001
 -1.9786592e-001
 -2.0586076e-001
 -1.3990480e-001
 -6.9952400e-002
 -3.0978780e-002
 -2.9978200e-003
  5.9959340e-002
  1.3590738e-001
  1.9586672e-001
  2.3284212e-001
  2.2784510e-001
  2.1485422e-001
  2.0486116e-001
  1.6488794e-001
  1.3890618e-001
  1.1891908e-001
  1.3191094e-001
  2.0985720e-001
  2.8980364e-001
  3.2777766e-001
  3.3177508e-001
  2.6282130e-001
  4.7967080e-002
 -1.2891214e-001
 -2.4483340e-001
 -3.3477290e-001
 -3.6974910e-001
 -3.7074870e-001
 -3.5376040e-001
 -3.4276774e-001
 -3.6675128e-001
 -4.2371280e-001
 -4.6668286e-001
 -4.0772312e-001
 -2.5482744e-001
 -1.7388238e-001
 -1.6688714e-001
 -1.1292344e-001
 -2.1985320e-002
 -1.3990480e-002
 -1.8987500e-002
  4.8966680e-002
  1.1891908e-001
  1.2391610e-001
  1.0492860e-001
  1.0892602e-001
  1.3390916e-001
  1.0492860e-001
  9.9930600e-003
 -1.4390222e-001
 -3.1978282e-001
 -4.6568424e-001
 -4.9066738e-001
 -3.9173442e-001
 -2.2984430e-001
 -1.3690698e-001
 -1.3191094e-001
 -2.1085680e-001
 -2.6382090e-001
 -2.3683954e-001
 -9.1937720e-002
  2.7980960e-002
  1.3890618e-001
  2.3184252e-001
  2.4883082e-001
  2.6981654e-001
  2.8680582e-001
  1.9986414e-001
  6.9952400e-003
 -7.9945460e-002
 -2.0086374e-001
 -2.9679888e-001
 -3.4876338e-001
 -3.8673740e-001
 -3.9073482e-001
 -2.8780444e-001
 -1.6688714e-001
 -2.2684648e-001
 -3.3976992e-001
 -5.0166004e-001
 -5.4363148e-001
 -3.1278758e-001
 -7.0952000e-002
  6.0958940e-002
  8.2943280e-002
  5.2964100e-002
 -2.4983140e-002
 -8.3942880e-002
 -1.8287584e-001
 -3.3177508e-001
 -3.9273304e-001
 -3.6375346e-001
 -3.1878322e-001
 -2.5482744e-001
 -1.5889230e-001
 -3.0978780e-002
  1.2491570e-001
  2.2084986e-001
  2.6282130e-001
  2.2784510e-001
  7.6947640e-002
 -1.8287584e-001
 -3.8573780e-001
 -5.0665608e-001
 -4.7767552e-001
 -3.3277468e-001
 -2.3184252e-001
 -1.3490876e-001
 -8.8939900e-002
 -9.8932960e-002
 -8.7940300e-002
 -4.9966280e-002
 -3.4976200e-002
  2.4983140e-002
  1.6488794e-001
  2.9579928e-001
  3.5675822e-001
  3.8273998e-001
  3.7474612e-001
  3.3077548e-001
  2.8780444e-001
  2.7381396e-001
  2.3983736e-001
  1.9986414e-001
  1.8687326e-001
  2.1585382e-001
  2.6681872e-001
  2.8980364e-001
  2.8380702e-001
  2.2684648e-001
  1.2391610e-001
 -4.6968460e-002
 -1.3490876e-001
 -1.4989786e-001
 -9.6933760e-002
 -1.5988700e-002
  5.6961520e-002
  7.5948040e-002
  7.5948040e-002
  5.8959740e-002
  3.1978380e-002
  1.3990480e-002
 -9.9960000e-004
 -5.3963700e-002
 -1.3490876e-001
 -2.4983042e-001
 -3.6775088e-001
 -4.1771618e-001
 -3.6874950e-001
 -2.9080226e-001
 -1.9386850e-001
 -1.4889924e-001
 -1.3990480e-001
 -1.5289666e-001
 -1.1492166e-001
  7.9948400e-003
  8.7940300e-002
  1.0692780e-001
  9.7933360e-002
  8.4942480e-002
  1.0193078e-001
  8.1944660e-002
 -1.7987900e-002
 -1.1292344e-001
 -2.2984430e-001
 -3.2977588e-001
 -3.7674434e-001
 -3.8074176e-001
 -3.1678500e-001
 -1.9686632e-001
 -9.2937320e-002
 -2.9979180e-002
 -6.3956760e-002
 -5.0965880e-002
  3.5975800e-002
  1.3091134e-001
  2.1485422e-001
  2.8780444e-001
  3.0978976e-001
  2.8980364e-001
  2.5682566e-001
  1.7787882e-001
  6.2957160e-002
 -6.7954180e-002
 -1.5489488e-001
 -1.7688020e-001
 -1.9286890e-001
 -1.8387544e-001
 -8.5942080e-002
 -1.2591432e-001
 -1.7088358e-001
  1.6388834e-001
  3.0579234e-001
  1.7787882e-001
  9.8932960e-002
  1.6988496e-001
  3.3377330e-001
  4.1571796e-001
  3.9273304e-001
  3.0579234e-001
  2.5482744e-001
  3.0679194e-001
  4.1172054e-001
  4.2171360e-001
  3.3077548e-001
  2.0186334e-001
  7.9945460e-002
 -4.7967080e-002
 -1.2691392e-001
 -1.4889924e-001
 -1.7588060e-001
 -2.2984430e-001
 -3.1478678e-001
 -4.3770328e-001
 -5.6361760e-001
 -5.6161938e-001
 -5.2264576e-001
 -5.3663624e-001
 -5.8260510e-001
 -6.3756742e-001
 -7.0851942e-001
 -6.5455572e-001
 -4.9666302e-001
 -3.6874950e-001
 -2.2784510e-001
 -1.0392900e-001
 -5.3963700e-002
  5.3963700e-002
  1.6388834e-001
  2.0885858e-001
  3.5675822e-001
  5.8460332e-001
  6.7853926e-001
  6.6654798e-001
  5.5462414e-001
  3.3177508e-001
  1.6288972e-001
  1.3091134e-001
  1.7688020e-001
  3.5276080e-001
  5.1764874e-001
  6.4456266e-001
  5.6561582e-001
  2.7781138e-001
  1.5689310e-001
  1.0392900e-001
  5.8959740e-002
  7.3949820e-002
  1.0592820e-001
  1.4690004e-001
  1.9187028e-001
  2.0086374e-001
  1.8587366e-001
  1.3290956e-001
  4.5968860e-002
 -7.1951600e-002
 -1.8387544e-001
 -1.9986414e-001
 -1.9087068e-001
 -2.5382784e-001
 -2.2884470e-001
 -2.0785898e-001
 -3.4076854e-001
 -5.0565648e-001
 -5.0965390e-001
 -4.8966778e-001
 -5.3063962e-001
 -5.2864140e-001
 -3.9673046e-001
 -2.6881792e-001
 -1.1292344e-001
 -7.7947240e-002
 -1.3590738e-001
 -2.2684648e-001
 -3.1278758e-001
 -3.3976992e-001
 -1.0592820e-001
  1.2391610e-001
  3.6175426e-001
  4.1072094e-001
  3.3377330e-001
  1.9386850e-001
  2.6981360e-002
 -1.8087762e-001
 -3.4476596e-001
 -4.5169376e-001
 -4.7667690e-001
 -3.9673046e-001
 -2.5982348e-001
 -1.1692086e-001
 -7.0952000e-002
  4.0971840e-002
  1.9886552e-001
  3.1278758e-001
  4.5668980e-001
  5.7560986e-001
  5.9159856e-001
  5.2264576e-001
  2.8880404e-001
  4.4969260e-002
 -1.1991868e-001
 -1.0392900e-001
 -9.1937720e-002
 -8.0945060e-002
 -9.4935540e-002
 -1.5289666e-001
 -2.6482050e-001
 -4.2771022e-001
 -4.8966778e-001
 -3.8373958e-001
 -2.6981654e-001
 -3.4376636e-001
 -3.9872966e-001
 -4.6368504e-001
 -4.6268642e-001
 -4.3470546e-001
 -4.5968860e-001
 -5.4762890e-001
 -5.7860768e-001
 -4.9966084e-001
 -3.7874256e-001
 -2.0985720e-001
 -3.3976600e-002
  1.0093118e-001
  2.7281534e-001
  4.1471836e-001
  4.5069416e-001
  3.1578540e-001
  2.6881792e-001
  2.5382784e-001
  2.3883776e-001
  1.9886552e-001
  1.9187028e-001
  2.0885858e-001
  9.3935940e-002
 -1.5689310e-001
 -3.0879016e-001
 -2.5482744e-001
 -2.0586076e-001
 -1.7088358e-001
 -6.6954580e-002
 -1.9982200e-003
  2.7980960e-002
  6.8952800e-002
  1.6288972e-001
  1.9886552e-001
  9.7933360e-002
 -1.0992562e-001
 -2.5582606e-001
 -3.8273998e-001
 -4.2471142e-001
 -3.6874950e-001
 -2.7181574e-001
 -1.4490182e-001
  1.8987500e-002
  1.5189706e-001
  2.6382090e-001
  3.4476596e-001
  3.0279452e-001
  1.7088358e-001
  5.6961520e-002
  7.9948400e-003
 -2.1385462e-001
 -2.6681872e-001
  1.6788576e-001
  2.6282130e-001
  1.2391610e-001
  5.7961120e-002
  4.4969260e-002
  4.5968860e-002
 -1.3590738e-001
 -3.6275386e-001
 -4.8067432e-001
 -4.7467770e-001
 -3.9273304e-001
 -3.7674434e-001
 -3.3377330e-001
 -3.1578540e-001
 -3.9573184e-001
 -4.9166600e-001
 -6.5055830e-001
 -7.5348868e-001
 -7.2750594e-001
 -5.7061284e-001
 -3.1278758e-001
 -5.7961120e-002
  1.0992562e-001
  2.8080920e-001
  4.2970844e-001
  5.0365826e-001
  5.3863446e-001
  4.8567036e-001
  3.1178896e-001
  9.5935140e-002
 -1.0093118e-001
 -3.1178896e-001
 -3.5675822e-001
 -2.5782526e-001
 -1.2391610e-001
 -5.9959340e-002
 -1.6988496e-001
 -3.2877726e-001
 -4.5469158e-001
 -4.4170070e-001
 -2.3084292e-001
  1.3990480e-002
  2.0386156e-001
  3.7374652e-001
  4.6668286e-001
  4.9266560e-001
  4.3070804e-001
  3.1778460e-001
  2.2484728e-001
  1.1792046e-001
  3.9973220e-002
 -3.1978380e-002
 -8.7940300e-002
 -1.2591432e-001
 -4.5968860e-002
  7.6947640e-002
  1.3690698e-001
  1.5289666e-001
  1.2991174e-001
  6.3956760e-002
 -7.4949420e-002
 -1.6388834e-001
 -2.9679888e-001
 -2.0685938e-001
  4.8966680e-002
  2.5982740e-002
 -1.0193078e-001
 -1.1991868e-001
 -1.3191094e-001
 -1.3690698e-001
 -1.3091134e-001
 -1.0592820e-001
 -3.1978380e-002
  2.8980560e-002
  6.2957160e-002
  3.6975400e-002
 -4.3970640e-002
 -1.5789270e-001
 -2.7381396e-001
 -3.1478678e-001
 -2.2484728e-001
 -4.1971440e-002
  1.4290262e-001
  2.9180186e-001
  3.9273304e-001
  4.5369198e-001
  4.2870884e-001
  3.4576556e-001
  2.3184252e-001
  1.1891908e-001
  8.9934600e-003
 -1.5089746e-001
 -2.6781832e-001
 -3.2777766e-001
 -2.5083002e-001
 -6.1957560e-002
  1.2491570e-001
  3.3976992e-001
  4.8666996e-001
  5.3163922e-001
  5.1065350e-001
  4.1871578e-001
  3.0179492e-001
  1.9586672e-001
  1.6588754e-001
  1.6388834e-001
  2.0186334e-001
  2.6082308e-001
  2.6382090e-001
  2.5882486e-001
  2.5782526e-001
  1.9586672e-001
  6.9952400e-002
  3.3976600e-002
  6.1957560e-002
  9.9932560e-002
  1.2191690e-001
  1.3191094e-001
  1.0492860e-001
  4.5968860e-002
 -9.9960000e-004
  1.7987900e-002
  5.6961520e-002
  2.6981360e-002
 -3.5975800e-002
 -1.1792046e-001
 -2.0386156e-001
 -2.9180186e-001
 -3.9573184e-001
 -4.9466480e-001
 -5.3163922e-001
 -5.4063268e-001
 -6.0159162e-001
 -6.6355016e-001
 -5.9159856e-001
 -4.4269932e-001
 -2.8080920e-001
 -1.6089052e-001
 -1.1891908e-001
 -1.2791352e-001
 -1.3790658e-001
 -8.0945060e-002
 -1.3990480e-002
  6.9952400e-003
  8.9934600e-003
  1.2990880e-002
  6.7954180e-002
  1.6688714e-001
  3.0679194e-001
  4.4869594e-001
  5.0965390e-001
  4.6668286e-001
  3.1278758e-001
  2.2784510e-001
  1.8287584e-001
  1.4490182e-001
  1.0692780e-001
  5.5961920e-002
  6.9952400e-003
 -1.6988300e-002
 -2.9979180e-002
 -3.8973620e-002
 -4.1971440e-002
 -5.5961920e-002
 -8.4942480e-002
 -9.4935540e-002
 -1.0492860e-001
 -9.9932560e-002
 -9.9932560e-002
 -1.4290262e-001
 -1.5389528e-001
 -1.6189012e-001
 -2.4583300e-001
 -2.5182962e-001
 -1.7688020e-001
 -8.2943280e-002
  8.9934600e-003
  8.6940700e-002
  1.1092522e-001
  7.2950220e-002
 -5.4962320e-002
 -2.2484728e-001
 -3.5276080e-001
 -3.1478678e-001
 -1.6089052e-001
 -1.2990880e-002
  8.3942880e-002
  1.6388834e-001
  2.0286196e-001
  1.5589448e-001
  3.9973220e-002
 -4.0971840e-002
 -1.1492166e-001
 -1.4889924e-001
 -9.9932560e-002
 -2.4983140e-002
  1.4990080e-002
  6.7954180e-002
  1.4789964e-001
  2.1085680e-001
  2.5582606e-001
  2.6881792e-001
  2.2784510e-001
  1.1891908e-001
 -1.7987900e-002
 -1.2491570e-001
 -1.5889230e-001
 -8.5942080e-002
  7.3949820e-002
  2.1785204e-001
  2.8780444e-001
  2.7481356e-001
  1.5989190e-001
  2.5982740e-002
 -6.1957560e-002
 -1.4789964e-001
 -1.1792046e-001
  9.9930600e-003
  1.1991868e-001
  1.8487504e-001
  1.8587366e-001
  1.2791352e-001
  4.6968460e-002
 -9.9930600e-003
 -2.4983140e-002
 -1.2990880e-002
  3.5975800e-002
  7.4949420e-002
  7.4949420e-002
  5.7961120e-002
 -6.9952400e-003
 -8.3942880e-002
 -1.4190400e-001
 -1.4490182e-001
 -9.6933760e-002
 -2.7980960e-002
  4.0971840e-002
  5.4962320e-002
  4.2971040e-002
  2.3983540e-002
  5.4962320e-002
  1.0892602e-001
  1.4090440e-001
  1.4190400e-001
  1.4789964e-001
  1.4989786e-001
  1.3990480e-001
  1.2891214e-001
  1.2991174e-001
  1.3390916e-001
  1.3690698e-001
  1.2091828e-001
  1.3990480e-001
  1.7188318e-001
  1.9187028e-001
  1.5889230e-001
  7.3949820e-002
 -1.3990480e-002
 -3.4976200e-002
 -8.9934600e-003
  6.0958940e-002
  1.3290956e-001
  1.5389528e-001
  1.4889924e-001
  1.3990480e-001
  1.5389528e-001
  1.5889230e-001
  1.6488794e-001
  1.7787882e-001
  1.6588754e-001
  7.0952000e-002
 -2.5982740e-002
 -8.7940300e-002
 -1.6788576e-001
 -1.8887148e-001
 -1.4889924e-001
 -7.3949820e-002
 -3.5975800e-002
 -6.6954580e-002
 -1.5489488e-001
 -2.0086374e-001
 -1.7887842e-001
 -1.5489488e-001
 -2.1685244e-001
 -2.7581316e-001
 -1.9286890e-001
 -8.4942480e-002
 -2.2983940e-002
  3.3976600e-002
  7.0952000e-002
  9.0938120e-002
  1.2391610e-001
  1.8087762e-001
  1.7787882e-001
  8.6940700e-002
  3.9974200e-003
 -4.1971440e-002
 -7.6947640e-002
 -9.4935540e-002
 -1.1092522e-001
 -1.1992260e-002
 -5.8959740e-002
 -1.1792046e-001
  4.9966280e-002
  1.0592820e-001
  1.3390916e-001
  1.1792046e-001
  3.5975800e-002
 -5.7961120e-002
 -1.1392304e-001
 -1.2291650e-001
 -9.1937720e-002
 -6.7954180e-002
 -5.1964500e-002
 -4.6968460e-002
  5.9956400e-003
  5.0965880e-002
  1.1992260e-002
 -6.7954180e-002
 -1.3590738e-001
 -1.5389528e-001
 -1.0792642e-001
  6.9952400e-003
  1.3390916e-001
  2.6082308e-001
  3.5475902e-001
  4.0272708e-001
  4.1172054e-001
  3.9273304e-001
  3.3377330e-001
  2.0586076e-001
  8.0945060e-002
 -5.8959740e-002
 -1.9786592e-001
 -2.5182962e-001
 -2.1385462e-001
 -1.5989190e-001
 -1.1991868e-001
 -8.6940700e-002
 -9.0938120e-002
 -7.1951600e-002
 -3.3976600e-002
  3.5975800e-002
  1.1792046e-001
  1.9187028e-001
  1.7188318e-001
  2.9979180e-002
 -1.3490876e-001
 -2.3284212e-001
 -2.7681178e-001
 -1.9586672e-001
 -7.2950220e-002
  3.3976600e-002
  1.1592126e-001
  1.4390222e-001
  1.4190400e-001
  2.5982740e-002
 -9.5935140e-002
 -1.5789270e-001
 -6.6954580e-002
 -1.1992260e-002
 -4.9970200e-003
 -2.9979180e-002
 -9.9960000e-004
  9.6933760e-002
  1.7188318e-001
  1.6588754e-001
  9.9932560e-002
  2.8980560e-002
 -7.0952000e-002
 -1.5689310e-001
 -1.6288972e-001
 -9.9932560e-002
 -1.8987500e-002
  1.3990480e-002
  2.9979180e-002
  8.4942480e-002
  9.5935140e-002
  9.8932960e-002
  9.8932960e-002
  7.4949420e-002
  1.1891908e-001
  1.5389528e-001
  1.8287584e-001
  1.8487504e-001
  1.5189706e-001
  1.5989190e-001
  1.5389528e-001
  1.3490876e-001
  1.3290956e-001
  1.3191094e-001
  9.0938120e-002
  8.8939900e-002
  1.3790658e-001
  1.8187624e-001
