  1.3902280e-002
  1.0829098e-001
  1.0123204e-001
  8.8339160e-002
  9.5219740e-002
  1.2032342e-001
  1.4230482e-001
  1.2825750e-001
  1.1030488e-001
  8.5209040e-002
  8.5029700e-002
  1.3102208e-001
  1.7573360e-001
  1.9347650e-001
  1.6233308e-001
  1.4410018e-001
  1.0828510e-001
  8.1901540e-002
  4.1672540e-002
  6.5482620e-002
  1.3041644e-001
  1.9036402e-001
  1.9537868e-001
  6.5507120e-002
 -3.0334920e-002
 -1.4080248e-001
  4.8927480e-002
  1.2812814e-001
  1.4379344e-001
  2.0238078e-001
  2.5986758e-001
  3.2495722e-001
  3.0558066e-001
  1.7235456e-001
  1.9724656e-001
  1.6277702e-001
  1.6417254e-001
  6.6503780e-002
 -2.4905720e-002
 -1.5003310e-001
 -2.3606632e-001
 -2.5213048e-001
 -3.3603808e-001
 -4.6310978e-001
 -4.9127008e-001
 -4.1831594e-001
 -3.5913178e-001
 -2.7085926e-001
 -2.3465316e-001
 -3.3920544e-001
 -4.1174504e-001
 -5.2944010e-001
 -6.3880222e-001
 -7.3121230e-001
 -6.5137856e-001
 -5.9877412e-001
 -3.9935686e-001
 -3.9948524e-001
 -6.3067900e-002
  5.1432164e-001
  7.8667932e-001
  6.0272352e-001
  4.8414352e-001
  2.5021948e-001
  5.9152800e-002
 -1.3422766e-001
 -3.0795912e-001
 -4.9875434e-001
 -7.0921032e-001
 -9.9424822e-001
 -1.2177215e+000
 -1.5281160e+000
 -1.4482705e+000
 -1.1539657e+000
 -9.3465638e-001
 -8.9108852e-001
 -9.2572172e-001
 -8.3870948e-001
 -9.0074642e-001
 -9.9197168e-001
 -1.2077010e+000
 -3.2739448e-001
  1.4738485e+000
  2.0649404e+000
  1.9881182e+000
  2.0330698e+000
  1.8151207e+000
  1.7239160e+000
  1.7512081e+000
  1.7514286e+000
  1.8035499e+000
  1.6288551e+000
  1.3456302e+000
  1.0867220e+000
  7.8105902e-001
  4.2911064e-001
  1.6586500e-002
 -3.5928466e-001
 -7.8471638e-001
 -1.1629827e+000
 -1.5972834e+000
 -1.9586368e+000
 -2.4103502e+000
 -2.7273243e+000
 -3.0335469e+000
 -3.1977204e+000
 -3.4146365e+000
 -2.8194786e+000
 -2.3226225e+000
  1.1970465e+000
  2.3709297e+000
  1.6391196e+000
  1.8641746e+000
  1.0940338e+000
  7.5217940e-001
  1.7319540e-001
 -1.1316354e-001
 -5.3241342e-001
 -8.9456360e-001
 -1.1848043e+000
 -1.7554466e+000
 -5.7575490e-001
  2.6287902e+000
  1.5464096e+000
  1.7275803e+000
  1.0110552e+000
  5.7843226e-001
 -2.3680524e-001
  6.6981726e-001
  1.9789120e+000
  1.6402966e+000
  1.6840800e+000
  1.4804840e+000
  1.2305713e+000
  1.0004467e+000
  7.5066236e-001
  5.2229590e-001
  2.7055546e-001
  4.3862840e-002
 -1.8774252e-001
  9.4484740e-002
  4.3220744e-001
  8.3738746e-001
  9.5027464e-001
  7.1572438e-001
  5.9896326e-001
  3.3376840e-001
  1.0841152e-001
 -1.8502302e-001
 -4.1936356e-001
 -6.7207714e-001
  9.6672100e-002
  3.7198154e-001
  3.9870320e-002
 -1.0810380e-002
 -3.4404566e-001
 -5.6441434e-001
 -8.8260368e-001
 -1.1288032e+000
 -1.3618256e+000
 -2.1878500e-001
 -2.4054100e-001
 -6.8218976e-001
 -6.8861758e-001
 -1.3167378e+000
 -1.3517493e+000
 -2.0384049e+000
  9.2999354e-001
  1.3066193e+000
  6.9107542e-001
  5.4606482e-001
 -7.1733060e-002
 -6.7427528e-001
  1.0660009e+000
  1.4874518e+000
  1.0700757e+000
  1.1614294e+000
  7.6171186e-001
  5.5889204e-001
  2.1460726e-001
  1.2548410e-001
  6.7325020e-001
  3.2391548e-001
  3.3665352e-001
  1.0927098e-001
 -1.7299940e-002
 -2.9912540e-001
 -4.8766564e-001
 -6.0725700e-001
 -2.2220324e-001
  3.2060700e-002
  2.4470992e-001
 -7.6929020e-002
 -2.1060984e-001
 -5.6751898e-001
 -8.2498556e-001
 -1.2051119e+000
 -1.4773157e+000
 -1.7355359e+000
 -4.2117166e-001
 -2.9001140e-002
 -2.5901204e-001
 -2.9246728e-001
  5.4686940e-002
  1.4648256e-001
 -1.4280266e-001
 -2.0604990e-001
 -4.9872592e-001
 -6.4436666e-001
 -9.5669070e-001
 -1.1271049e+000
 -1.4457871e+000
 -1.6283268e+000
 -1.9432832e+000
 -1.8548264e+000
 -1.9824008e+000
 -1.7675182e+000
 -1.2495412e+000
  1.2058675e+000
  5.4119716e-001
  3.8337208e-001
  3.1126270e-001
  1.1172323e+000
  1.6596016e+000
  2.4622186e+000
  2.0239107e+000
  1.8334124e+000
  1.3162282e+000
  9.5951310e-001
  3.2510814e-001
 -1.5393448e-001
 -8.1559226e-001
 -1.3184734e+000
 -1.8167779e+000
  5.7492680e-002
  1.6879324e-001
 -2.8462434e-001
 -4.4680846e-001
 -9.8240394e-001
 -1.4231560e+000
 -1.8513974e+000
 -2.4538828e+000
 -1.6840359e+000
  1.3792932e+000
  9.9831522e-001
  1.0885575e+000
  9.0614622e-001
  4.6826262e-001
  1.2490610e+000
  2.1097401e+000
  1.6160847e+000
  1.6908293e+000
  1.3050719e+000
  1.1107075e+000
  7.7269570e-001
  5.0990674e-001
  5.4341686e-001
  1.1991858e+000
  1.2085781e+000
  1.1575593e+000
  1.1441412e+000
  7.1664558e-001
  5.4521026e-001
 -6.3870520e-002
  8.0327072e-001
  1.6333915e+000
  8.5849960e-001
  9.6065382e-001
  3.9620420e-001
  1.4641690e-001
 -3.1912034e-001
 -6.4756734e-001
 -8.7506160e-001
 -4.7164264e-001
 -1.9755232e-001
  2.6674620e-002
 -2.9199100e-001
 -4.4446822e-001
 -7.8459976e-001
 -1.0324241e+000
 -1.3511907e+000
 -1.6049382e+000
 -1.8599998e+000
 -1.2796624e+000
 -6.3945882e-001
 -2.0338822e-001
 -3.1338930e-001
 -3.7243038e-001
 -4.9524888e-001
 -2.3493834e-001
  8.3961500e-002
  1.6836498e-001
  1.1262062e-001
  2.2863596e-001
  2.4749508e-001
  1.5711948e-001
  6.8468680e-002
 -1.4721560e-001
 -3.7918650e-001
 -5.7867138e-001
 -2.5521944e-001
  4.0649420e-002
  4.2763672e-001
  1.3268220e-001
 -9.5020800e-002
 -2.3023630e-001
  1.2900426e-001
  5.0448440e-002
 -7.9655380e-002
 -2.0968178e-001
 -3.7988524e-001
 -5.0981266e-001
 -1.5717730e-001
  3.2423300e-002
  1.1101538e-001
 -4.9931000e-003
 -7.5726560e-002
 -3.4991880e-002
  9.4532760e-002
  3.6149260e-002
  1.5765260e-002
 -3.8464020e-002
 -8.5170820e-002
  5.6229460e-002
  3.0345504e-001
  4.2117656e-001
  2.4403470e-001
  2.3557926e-001
  1.7678808e-001
  1.2862108e-001
  1.8174100e-002
 -2.0281786e-001
  1.0812928e-001
  9.1350700e-002
  3.3908000e-002
  1.0630060e-001
  1.1104282e-001
  9.8931000e-002
  1.7747800e-003
 -7.2513140e-002
 -2.3480702e-001
 -3.5486976e-001
 -7.0408688e-001
 -7.7872760e-001
 -1.8408320e-001
  2.6316528e-001
  1.2425420e-001
  4.2255640e-002
 -1.5872864e-001
 -4.8461000e-002
  2.1871248e-001
  4.6620462e-001
  4.2814436e-001
  2.1567252e-001
  4.3395380e-002
 -1.5864534e-001
 -3.1969462e-001
 -4.1857760e-001
 -1.2300078e-001
  1.6015160e-001
  2.0348622e-001
  8.2328820e-002
  2.0536684e-001
  1.3675998e-001
  5.4586000e-002
 -5.2753400e-002
 -1.3390524e-001
 -2.6569074e-001
 -2.3153578e-001
 -7.8985060e-002
  8.2643400e-003
 -1.9971714e-001
 -4.3425172e-001
 -4.9213542e-001
 -1.9134010e-001
 -9.1891660e-002
  2.2270500e-002
  2.1037660e-002
 -5.2131100e-002
 -9.2663900e-002
 -2.5437174e-001
 -3.6782242e-001
 -5.2486742e-001
 -5.4104428e-001
 -4.2462028e-001
 -3.9740078e-001
 -5.5908804e-001
 -7.5554962e-001
 -3.6511566e-001
 -4.1066998e-001
 -9.7717760e-002
  2.0416830e-001
  2.4881416e-001
  4.0490072e-001
  4.1302688e-001
  4.7038824e-001
  4.3285326e-001
  4.5755612e-001
  5.6665560e-002
 -1.7744762e-001
  2.0788642e-001
  4.9162582e-001
  5.2954888e-001
  3.6140734e-001
  4.0515062e-001
  3.0737504e-001
  3.1623914e-001
  2.6500376e-001
  2.6525954e-001
  2.6913544e-001
  3.4503154e-001
  3.0872156e-001
  2.1641340e-001
  7.8113840e-002
 -8.7050460e-002
 -2.8065240e-001
 -3.1006220e-001
 -3.5754614e-001
 -3.4092730e-001
 -3.5805770e-001
 -2.8638932e-001
 -3.0458596e-001
 -1.1183858e-001
 -2.1420252e-001
 -1.3578978e-001
 -3.8354848e-001
  8.6049390e-001
  1.3476460e+000
  1.3408683e+000
  1.3526617e+000
  1.1917427e+000
  1.0413637e+000
  8.2890360e-001
  6.5074940e-001
  4.4348332e-001
  2.5755282e-001
  5.9672200e-002
  9.0996920e-002
  1.8182724e-001
  1.4690592e-001
 -8.4443660e-002
 -1.6281622e-001
 -4.9679140e-002
 -2.6414724e-001
 -5.8188186e-001
 -8.6653364e-001
 -1.1989957e+000
 -1.6933743e+000
 -1.1105977e+000
  1.0996041e+000
  3.6609664e-001
  4.4502976e-001
  2.3563218e-001
  9.5955622e-001
  6.5516430e-001
  5.9652796e-001
  6.7001718e-001
  5.5156948e-001
  2.6943140e-002
 -3.7807028e-001
 -1.0715183e+000
 -1.6679012e+000
 -9.4663198e-001
 -4.0799654e-001
 -6.6680866e-001
 -1.3240780e-001
  9.5150160e-002
  5.2010658e-001
  8.2668292e-001
  1.1510492e+000
  1.1492391e+000
  8.0263372e-001
  3.6845060e-001
 -2.9022700e-002
 -5.4456444e-001
 -1.1772377e+000
 -1.6088552e+000
  2.6999882e-001
 -3.3617920e-002
  5.5797280e-002
 -1.9937120e-002
 -1.4591906e-001
 -5.3626188e-001
 -7.9721922e-001
  2.0527570e-001
  5.8976106e-001
  1.6900884e-001
  1.7482808e-001
  2.8125020e-002
 -7.3849860e-002
 -3.8214316e-001
 -5.6664678e-001
 -7.5268116e-001
 -8.0026506e-001
 -5.9172400e-001
 -3.0421454e-001
 -2.2847720e-002
 -6.3801920e-002
  4.0530840e-001
  4.5058048e-001
  7.8590120e-002
 -1.6780246e-001
 -5.6682710e-001
 -9.2958880e-002
  5.5335700e-002
 -4.4324420e-002
  1.2293414e-001
  2.8139328e-001
  4.3651846e-001
  3.5137900e-001
  2.5478236e-001
  1.1115650e-001
 -2.0503658e-001
 -5.1862874e-001
 -8.5311450e-001
 -1.1430955e+000
 -7.3269994e-001
 -2.3637110e-001
  3.6820462e-001
  2.7067796e-001
  2.1707098e-001
  8.7220000e-001
  9.7210512e-001
  5.8867228e-001
  3.3593224e-001
 -7.6512520e-002
 -2.5891502e-001
 -5.0725290e-001
 -3.6097614e-001
 -8.0837260e-002
  5.6216720e-002
  2.0918786e-001
  3.1663898e-001
  2.3747360e-001
  3.7584274e-001
  5.4968200e-001
  7.2169356e-001
  8.0271506e-001
  5.2239390e-001
  3.3942594e-001
  1.1459140e-002
 -6.5103360e-002
  3.7024400e-002
  5.0381800e-003
  1.6778874e-001
  4.0928524e-001
  8.0376660e-002
 -7.9363340e-002
 -3.7420516e-001
 -6.1469618e-001
 -6.6444392e-001
 -2.5375140e-001
  5.7030120e-002
  4.7404658e-001
  3.5558222e-001
  2.4235596e-001
  4.8072920e-002
 -1.2624164e-001
 -3.7885918e-001
 -2.4079678e-001
  2.2664460e-001
  4.2721238e-001
  6.7865882e-001
  6.6046806e-001
  5.8942296e-001
  5.1274776e-001
  4.0760454e-001
  3.0886660e-001
  2.6621994e-001
  5.4077674e-001
  6.2751556e-001
  9.0723892e-001
  1.1066454e+000
  8.8029774e-001
  7.6980764e-001
  5.8120174e-001
  4.7283432e-001
  3.3253066e-001
  1.9848430e-001
 -2.0047860e-002
 -2.1125762e-001
 -4.3204476e-001
 -6.1279106e-001
 -7.6650798e-001
 -9.3243668e-001
 -1.0655540e+000
 -1.1292805e+000
 -1.1866889e+000
 -1.2459357e+000
 -1.3328813e+000
 -1.5930439e+000
 -1.7956814e+000
 -2.0360754e+000
 -1.2355683e+000
 -4.4163210e-001
  1.4020370e-001
  6.6515834e-001
  5.5502398e-001
  6.9206130e-001
  9.8301154e-001
  1.2455535e+000
  1.1783932e+000
  1.0488029e+000
  9.1942816e-001
  7.4297524e-001
  8.0884496e-001
  8.4983444e-001
  8.5957368e-001
  8.6227162e-001
  8.7238816e-001
  8.6758812e-001
  8.8393648e-001
  5.3680088e-001
 -5.2108560e-002
 -2.1463470e-001
 -2.4442768e-001
 -5.7915060e-001
 -3.1353728e-001
 -2.3602320e-001
 -4.8460412e-001
 -5.8838906e-001
 -5.2455676e-001
 -3.5502460e-001
 -1.9692610e-001
 -1.9934474e-001
 -4.9133868e-001
 -3.4284222e-001
 -2.8755160e-001
 -4.3219568e-001
 -2.3842910e-001
 -8.7594360e-002
 -7.6806520e-002
  1.4795060e-001
  7.7044660e-002
  1.9122740e-002
 -7.5010180e-002
 -4.4355780e-002
  1.4513996e-001
  3.1552374e-001
  2.4047338e-001
  2.8259280e-002
 -1.8139898e-001
 -4.2586194e-001
 -4.3863918e-001
 -5.1142770e-001
 -4.6552450e-001
 -4.7915826e-001
 -1.9299336e-001
 -2.2204840e-001
 -2.7354348e-001
 -3.9317698e-001
 -5.0409044e-001
 -5.7673098e-001
 -5.8736006e-001
 -8.2109986e-001
 -7.9605008e-001
 -9.4807160e-001
 -3.4483456e-001
 -4.5031980e-002
  1.2317522e-001
  3.4711208e-001
  4.2539448e-001
  4.1547688e-001
  2.7482434e-001
  2.7001058e-001
 -7.3960600e-002
 -4.2790720e-001
  2.3034900e-001
  3.8632286e-001
  8.3340180e-002
 -1.3850046e-001
 -4.4464462e-001
 -2.7264580e-002
  6.9629686e-001
  7.9582762e-001
  2.5040372e-001
  1.3441386e-001
 -7.8546020e-002
  1.1538814e-001
  2.5052916e-001
  3.3313140e-001
  2.6853764e-001
  3.0078748e-001
  2.0025418e-001
  6.6945760e-002
  3.8413060e-002
 -1.0526866e-001
 -2.9615404e-001
 -3.4411622e-001
 -9.5587142e-001
 -8.9709200e-001
 -1.7887744e-001
  3.6198652e-001
  9.9370040e-001
  8.0661742e-001
  7.4394936e-001
  5.3888730e-001
  3.2927706e-001
  1.2825162e-001
 -3.1348240e-002
 -1.4832398e-001
 -5.0727250e-001
  2.2217580e-002
  4.8910428e-001
  3.5791658e-001
  6.9092058e-001
  5.1549764e-001
  3.7116912e-001
 -8.8248020e-002
 -6.3154728e-001
 -8.4013538e-001
 -1.2748134e+000
 -1.3875261e+000
 -1.1923454e+000
 -7.5048596e-001
 -2.2456504e-001
  8.8252920e-002
  2.2694252e-001
 -7.4358480e-002
 -1.8107264e-001
 -5.4406954e-001
 -3.9911088e-001
 -4.4946720e-002
  8.2303340e-002
  1.8493188e-001
  2.0213480e-002
 -6.2916000e-003
  1.1647692e-001
  2.0976900e-001
  3.0239174e-001
  5.1116114e-001
  7.2617118e-001
  5.7816962e-001
  2.6610332e-001
  1.7822574e-001
 -4.0166280e-002
 -9.8212660e-002
 -1.3685602e-001
 -2.2096844e-001
 -4.3716624e-001
 -9.0958700e-002
  5.4770240e-001
  5.5491422e-001
  2.4332420e-001
  8.0477600e-002
 -2.4991078e-001
 -4.0967724e-001
 -1.8208792e-001
  2.7058780e-002
  2.4288320e-001
  1.4570640e-002
 -2.4678066e-001
 -4.8184738e-001
 -7.8242318e-001
 -6.2110734e-001
 -3.3036486e-001
  1.3847400e-002
  1.9441632e-001
  2.4662288e-001
  2.1157416e-001
  1.0984820e-001
 -4.9842800e-002
 -2.4077914e-001
  3.3929560e-002
  2.1609882e-001
  4.7093214e-001
  3.6226190e-001
  1.9441338e-001
  1.7925180e-002
 -1.7023090e-001
  7.9564240e-002
 -5.3341400e-003
 -2.2982274e-001
 -3.7339666e-001
 -6.0064200e-001
 -5.1606506e-001
 -4.3158514e-001
 -3.4339690e-001
 -5.0489796e-001
 -6.5279466e-001
 -6.8257490e-001
 -1.7189200e-001
  1.6993984e-001
  5.2689308e-001
  6.6319540e-001
  3.8698632e-001
  2.2215620e-001
  3.2600680e-002
 -1.1846338e-001
  1.2774202e-001
  3.5033922e-001
  5.1386594e-001
  3.3518156e-001
  2.1752276e-001
  1.1895240e-002
 -1.4156982e-001
 -6.9961220e-002
  6.3031640e-002
  1.2014800e-001
  3.2191432e-001
  3.4609876e-001
  9.1185080e-002
 -7.3172680e-002
 -3.0857652e-001
 -4.7145938e-001
 -6.0268334e-001
 -5.7603322e-001
 -3.2986604e-001
  7.3111920e-002
  7.7691754e-001
  6.0805374e-001
  4.3764840e-001
  2.0874098e-001
 -3.0719080e-002
 -3.4970712e-001
 -2.9281518e-001
 -1.2103294e-001
 -3.3769036e-001
 -3.1690848e-001
 -2.5408264e-001
 -2.0613614e-001
 -1.9833926e-001
 -1.7358544e-001
 -2.0643700e-002
  1.4428246e-001
  3.4239436e-001
  3.3909372e-001
  1.4473326e-001
  2.8438620e-002
 -1.6961252e-001
  9.6432980e-002
  2.5532038e-001
  2.7833960e-001
  3.8742634e-001
  2.4139556e-001
  2.1460040e-001
  1.8193896e-001
  1.7426262e-001
  3.7869160e-002
  2.6968620e-002
  1.8454674e-001
  1.2336142e-001
 -8.7051440e-002
 -3.4276186e-001
 -6.9415850e-001
 -9.0976340e-001
 -8.5262646e-001
 -7.5980380e-001
 -5.1234400e-001
 -1.8550224e-001
 -1.4758800e-002
  1.9012882e-001
  1.5078574e-001
  7.2844380e-002
 -2.1078820e-002
 -1.2845350e-001
 -2.1508942e-001
 -2.3659160e-002
  1.2341924e-001
  3.2828334e-001
  5.1899232e-001
  7.0795788e-001
  5.7819020e-001
  4.6142810e-001
  3.0699382e-001
  1.4445298e-001
  8.8827200e-003
  1.8022200e-001
  3.1745434e-001
  4.6488358e-001
  3.9085340e-001
  3.4503644e-001
  3.1561096e-001
  4.3506610e-001
  4.9024108e-001
  4.7456500e-001
  4.1934396e-001
  3.6038422e-001
  2.7642958e-001
  2.5739014e-001
  1.3923448e-001
  6.7977700e-002
 -5.0649928e-001
 -7.2200814e-001
 -8.7695006e-001
 -7.8124326e-001
 -7.6452054e-001
 -4.3829716e-001
 -7.9524060e-002
 -1.2629260e-002
  1.2630632e-001
  1.5158640e-002
 -2.9681260e-002
 -1.0421222e-001
 -1.0379964e-001
 -1.9295808e-001
 -2.0448484e-001
 -7.4014500e-002
  5.5758080e-002
  7.2258340e-002
 -6.9723080e-002
 -1.0553424e-001
 -1.4681478e-001
  8.6857400e-003
  1.5883546e-001
  1.8669392e-001
  7.1569400e-003
 -1.5496446e-001
 -1.0522162e-001
  1.1485012e-001
  3.0181452e-001
  3.0894108e-001
  9.4584700e-002
  5.7842540e-002
 -4.4717400e-003
 -1.9572560e-002
 -5.0176980e-002
 -5.7291780e-002
 -9.7239520e-002
 -1.3412770e-001
 -1.7703504e-001
 -2.1806568e-001
 -2.6118274e-001
 -3.0160284e-001
 -3.4559308e-001
 -3.8576622e-001
 -4.7377414e-001
 -3.9275754e-001
 -2.3780778e-001
 -1.1457866e-001
  7.9056600e-002
  1.2387004e-001
 -5.4238100e-002
 -2.6664820e-002
  2.4954132e-001
  5.6540414e-001
  6.2935306e-001
  5.9096744e-001
  4.1319152e-001
  6.8331480e-002
 -2.7165306e-001
 -2.7646780e-001
  2.1283640e-002
  6.0035780e-002
  1.0984428e-001
  2.2114680e-001
  4.1620894e-001
  5.1823478e-001
  2.2223656e-001
 -2.9870400e-002
 -7.8877260e-002
 -1.3841814e-001
 -1.7085320e-001
 -2.5320652e-001
 -3.2234944e-001
 -3.9048884e-001
 -1.6431758e-001
  1.3568002e-001
  3.2294234e-001
  2.9108254e-001
  2.8679798e-001
  3.0391858e-001
  3.3851062e-001
  2.4458644e-001
  7.6369440e-002
 -1.2457564e-001
 -3.7557716e-001
 -4.0186762e-001
 -2.4526264e-001
 -1.5563086e-001
  4.0065340e-002
  1.5291136e-001
  2.8895496e-001
  3.1582558e-001
  1.1134564e-001
 -9.4179960e-002
 -3.3495616e-001
 -5.7542758e-001
 -4.2392840e-001
 -1.4302806e-001
  6.9825000e-003
  1.3483820e-001
  2.6954018e-001
  3.4116446e-001
  3.5659750e-001
  3.9621596e-001
  4.0210380e-001
  4.8790770e-001
  4.7919256e-001
  4.0545246e-001
  4.0641972e-001
  3.5058128e-001
  1.8691932e-001
  5.7092840e-002
 -4.3480640e-002
  1.8898320e-002
  7.1968260e-002
  1.6908822e-001
  1.1448654e-001
 -1.2625242e-001
 -3.5807338e-001
 -6.5321312e-001
 -7.1593312e-001
 -7.6145314e-001
 -7.3827810e-001
 -6.2752830e-001
 -4.8328210e-001
 -2.6397672e-001
  4.4271500e-002
  2.8799946e-001
  3.8405612e-001
  4.9186690e-001
  4.2814240e-001
  4.1576990e-001
  2.7604934e-001
  5.1582300e-002
 -2.3662590e-001
 -4.2580608e-001
 -6.0317432e-001
 -4.5166828e-001
 -2.8396382e-001
 -1.2559190e-001
  5.3953900e-002
  2.7455288e-001
  4.2225554e-001
  1.7442138e-001
 -1.2024600e-003
 -2.5352992e-001
 -4.8116628e-001
 -6.4084356e-001
 -5.5391658e-001
 -4.1267996e-001
 -1.8387348e-001
  4.8266960e-002
  3.0323552e-001
  5.3111688e-001
  7.0796572e-001
  9.2722112e-001
  8.6245782e-001
  6.3065842e-001
  3.7603286e-001
 -8.7062220e-002
 -3.0852948e-001
 -5.8903684e-001
 -6.1331046e-001
 -3.8467058e-001
 -3.5033530e-001
 -3.1081582e-001
 -2.4615248e-001
 -1.9262880e-002
  1.9829222e-001
  1.5810438e-001
  1.4867580e-002
 -9.8760480e-002
 -2.8596106e-001
 -4.0763394e-001
 -5.6248668e-001
 -5.3029760e-001
 -3.1367938e-001
 -1.6450672e-001
  2.4163860e-002
  1.8916646e-001
  2.7608070e-001
  3.7032338e-001
  4.4970534e-001
  5.3376680e-001
  4.8287344e-001
  3.7827510e-001
  2.9621872e-001
  1.9602548e-001
  1.8435564e-001
  1.5864240e-001
  1.1907098e-001
  5.3371780e-002
 -2.3069200e-003
 -5.8476600e-002
  2.3361240e-002
  1.1188170e-001
  2.0495328e-001
  3.2133514e-001
  3.8745084e-001
  3.4102530e-001
  2.8660394e-001
  3.2802952e-001
  4.0650988e-001
  4.8695710e-001
  5.6259252e-001
  6.4323378e-001
  5.5413610e-001
  4.4599212e-001
  7.6391000e-003
 -2.5243820e-001
 -4.1061314e-001
 -6.4349250e-001
 -5.7832054e-001
 -4.7335078e-001
 -3.8407474e-001
 -3.8479994e-001
 -3.3996984e-001
 -3.5638680e-001
 -7.6979000e-003
  2.5428942e-001
  4.5943380e-001
  4.7018342e-001
  2.2156232e-001
  6.5073960e-002
 -1.6345126e-001
 -3.5447090e-001
 -5.0317316e-001
 -3.7035278e-001
 -2.7994974e-001
 -1.5785546e-001
 -4.1076700e-002
  2.7050940e-002
 -2.1250320e-002
 -4.3972600e-002
 -9.9268120e-002
 -1.3452852e-001
 -9.3722300e-002
 -5.7911140e-002
 -2.1933380e-002
  3.0821980e-002
  3.0496620e-002
 -4.2336000e-003
  2.5297720e-002
  1.2362406e-001
  2.3522842e-001
  4.0566512e-001
  5.2969588e-001
  7.0043344e-001
  3.2254544e-001
  5.2427060e-002
 -9.4031000e-002
 -3.2754442e-001
 -4.7784800e-001
 -5.0889440e-001
 -3.5787150e-001
 -3.4152608e-001
 -3.0616964e-001
 -2.8477232e-001
 -2.6238324e-001
 -1.6741144e-001
  4.7000800e-003
  2.1234542e-001
  3.6519994e-001
  3.1011512e-001
  2.9722126e-001
  2.8003598e-001
  2.3700222e-001
  2.6539772e-001
  3.0777880e-001
  3.6547336e-001
  3.5639562e-001
  3.0811984e-001
  1.9271504e-001
 -1.9350100e-002
 -1.9563054e-001
 -1.5940974e-001
 -1.2878278e-001
 -1.3961080e-001
 -1.1008830e-001
 -1.0756970e-001
 -9.1968100e-002
 -8.9263300e-002
 -1.8743480e-002
  1.3057716e-001
  2.4654448e-001
  4.3601572e-001
  4.3128820e-001
  2.9971536e-001
  1.9187420e-001
  4.7541760e-002
 -9.6976880e-002
 -1.6757412e-001
 -1.4784280e-001
 -1.7255252e-001
 -7.7553280e-002
  5.8020900e-002
  2.1437990e-001
  2.3353302e-001
 -6.0095560e-002
 -2.6184620e-001
 -2.6845924e-001
 -8.3746880e-002
  4.1070820e-002
  2.2640548e-001
  7.6020560e-002
 -3.0532880e-002
 -1.8235350e-001
 -3.1003966e-001
 -4.7836838e-001
 -4.5878210e-001
 -1.6542302e-001
  5.7936620e-002
  3.9603956e-001
  4.4380868e-001
  2.4061254e-001
  1.0081652e-001
 -2.1647220e-001
 -2.6073880e-001
 -1.2133282e-001
 -7.7596400e-003
  1.6813958e-001
  3.8197264e-001
  5.6562268e-001
  7.8092280e-001
  6.1839078e-001
  2.5620728e-001
 -4.3912820e-002
 -4.5580682e-001
 -7.8282204e-001
 -1.1027205e+000
 -9.5228462e-001
 -4.8910036e-001
 -1.2192376e-001
  3.8676288e-001
  8.4577528e-001
  1.2248197e+000
  8.6350250e-001
  6.1554780e-001
  2.2789606e-001
 -1.5019186e-001
 -4.7678176e-001
 -3.2312658e-001
 -2.4762444e-001
 -9.4974740e-002
 -2.2681316e-001
 -3.3757178e-001
 -5.0476076e-001
 -5.9367616e-001
 -5.1827790e-001
 -5.5163122e-001
 -5.9505306e-001
 -6.1644744e-001
 -5.9284316e-001
 -4.6540690e-001
 -1.5744582e-001
  7.6741840e-002
  2.3022944e-001
  3.0309538e-001
  3.2857244e-001
  3.6393868e-001
  4.9012348e-001
  6.5987908e-001
  7.2215514e-001
  7.8334634e-001
  8.4577822e-001
  5.6519540e-001
  2.0924470e-001
 -1.2834962e-001
 -3.8120726e-001
 -4.8767740e-001
 -3.6252650e-001
 -2.4939824e-001
 -1.5768592e-001
 -3.7625630e-001
 -5.9393880e-001
 -6.2944714e-001
 -3.7002644e-001
 -2.1700140e-001
 -3.9643940e-002
 -2.2796760e-002
  6.1795860e-002
  2.8595812e-001
  3.7935604e-001
  4.5692402e-001
  5.0475292e-001
  7.7621194e-001
  6.2726370e-001
  1.8865294e-001
 -1.8867646e-001
 -5.0853572e-001
 -7.4370828e-001
 -7.4810848e-001
 -5.6173600e-001
 -4.5490130e-001
 -5.2498992e-001
 -6.3459018e-001
 -7.3067036e-001
 -8.5059982e-001
 -9.2663704e-001
 -9.7448946e-001
 -9.2859116e-001
 -8.1361462e-001
 -2.6363862e-001
  2.8907942e-001
  9.0013098e-001
  1.3632682e+000
  8.5836240e-001
  4.6803918e-001
 -8.1059720e-002
 -5.9313618e-001
 -8.2266982e-001
 -5.5599516e-001
 -3.0129414e-001
  1.1236680e-002
  3.8012436e-001
  3.4696998e-001
  2.0152720e-002
 -1.7980354e-001
 -6.3272230e-001
 -1.0125468e+000
 -1.1216629e+000
 -1.1062446e+000
 -9.3942506e-001
 -8.0442908e-001
 -6.0732070e-001
 -5.0744498e-001
 -2.0597738e-001
  2.0064226e-001
  5.7158108e-001
  1.0198537e+000
  1.3309262e+000
  1.2246413e+000
  1.2058008e+000
  1.0051027e+000
  7.6171284e-001
  5.4758480e-001
  4.8893670e-001
  4.0483996e-001
  2.9038576e-001
  1.7555524e-001
  1.4130130e-001
  9.7568800e-002
  5.0347500e-002
 -1.9477500e-002
 -8.0201240e-002
 -3.5275100e-002
  2.8601300e-002
  6.0495400e-002
  3.4414660e-002
  1.2866420e-002
 -7.6170500e-002
 -2.0456912e-001
 -3.2661342e-001
 -4.4963184e-001
 -5.7700734e-001
 -5.6207704e-001
 -4.6370954e-001
 -2.9940666e-001
 -1.0735018e-001
  3.7259600e-003
  3.2828040e-002
  6.9443780e-002
  1.0120754e-001
  2.0060698e-001
  1.8787972e-001
 -2.5143860e-002
 -1.3385134e-001
 -2.4329676e-001
 -2.6554472e-001
 -2.6518310e-001
 -1.5530452e-001
  1.8813060e-002
  9.5271680e-002
  2.1600866e-001
  1.6728698e-001
  1.2039006e-001
  6.4333080e-002
  1.2853974e-001
  1.6332288e-001
  1.9244652e-001
  2.4167388e-001
  2.3580270e-001
  1.7488198e-001
  1.2348196e-001
  1.8461338e-001
  2.6482540e-001
  3.2281592e-001
  3.3612628e-001
  4.5324510e-001
  4.2971922e-001
  3.3377918e-001
  2.1281190e-001
  6.9257580e-002
 -3.0000740e-002
 -3.0429000e-003
  9.2657040e-002
  8.8935000e-002
  1.5030750e-001
  1.6409512e-001
  2.3757062e-001
  3.2238472e-001
  4.2101682e-001
  4.5681524e-001
  3.9628358e-001
  3.4919654e-001
  2.5831428e-001
  1.7198412e-001
  1.9562760e-002
 -1.5630314e-001
 -2.8378938e-001
 -3.6194340e-001
 -3.5412594e-001
 -2.6884242e-001
 -1.0089394e-001
  4.5337740e-002
  1.2512542e-001
  2.4512250e-001
  2.2841644e-001
  1.2548900e-001
  6.8257980e-002
 -1.8235840e-002
 -9.3096080e-002
 -2.0006210e-001
 -2.8623252e-001
 -3.6444436e-001
 -3.1071586e-001
 -1.8050522e-001
 -2.4297140e-002
  1.5558382e-001
  3.1864210e-001
  2.1880068e-001
  1.1743830e-001
 -1.5086120e-002
 -1.5248114e-001
 -2.9765246e-001
 -2.4276364e-001
 -1.3588484e-001
 -1.0161130e-001
 -2.4161900e-002
  1.0140060e-002
  2.2882020e-002
  3.5588700e-002
  4.8041560e-002
  8.8714500e-002
  1.5505658e-001
  1.4807016e-001
  7.5818680e-002
  2.1756000e-004
  2.0345780e-002
  1.4790846e-001
  2.2490608e-001
  3.7334080e-001
  3.6444730e-001
  2.5083688e-001
  1.6349242e-001
  1.4412860e-002
 -1.5246938e-001
 -3.0223102e-001
 -3.9249098e-001
 -4.0603948e-001
 -3.8518508e-001
 -3.2870474e-001
 -1.8263574e-001
 -1.2524694e-001
 -7.0014140e-002
  5.3900000e-004
  6.7829720e-002
  1.2956188e-001
  1.2809090e-001
  1.1469724e-001
  1.0178378e-001
  8.3735120e-002
  1.4046144e-001
  2.0445544e-001
  2.6847884e-001
  3.4980120e-001
  3.5911708e-001
  2.9718598e-001
  2.2675828e-001
 -1.8047680e-002
 -9.9282820e-002
 -2.0323142e-001
 -2.5543112e-001
 -1.9918206e-001
 -1.5946070e-001
 -1.0698268e-001
 -1.5598268e-001
 -1.9817560e-001
 -2.4217760e-001
 -1.4135030e-001
 -5.4736920e-002
  6.5786420e-002
  9.6925920e-002
  2.5613280e-002
 -1.5778000e-002
 -1.0032358e-001
 -9.4086860e-002
 -3.9181380e-002
 -3.0184000e-004
  6.6332280e-002
  9.9115240e-002
  1.0868102e-001
  1.1453652e-001
  1.3096622e-001
  1.6782206e-001
  1.9874400e-001
  1.0440136e-001
  9.5765600e-003
 -5.4464480e-002
 -1.2859070e-001
 -2.0010816e-001
 -1.9899390e-001
 -1.6851296e-001
 -1.4335930e-001
 -1.0873100e-001
 -1.2823888e-001
 -1.5192744e-001
 -1.3732838e-001
 -1.1668076e-001
 -9.7049400e-002
 -5.9779020e-002
  2.7711460e-002
  4.9983920e-002
  8.4286860e-002
  1.7799152e-001
  3.2045412e-001
  4.1929986e-001
  5.1812404e-001
  4.7130650e-001
  3.9405310e-001
  2.8932344e-001
  1.0990504e-001
 -5.0385720e-002
 -1.3172180e-001
 -1.5710870e-001
 -1.7721732e-001
 -1.9489260e-001
 -2.5509596e-001
 -3.3083722e-001
 -3.2821180e-001
 -2.5199720e-001
 -1.7321108e-001
 -4.5216220e-002
  8.4732760e-002
  1.8963196e-001
  2.2897406e-001
  3.0379706e-001
  2.7671378e-001
  2.2653484e-001
  1.7366972e-001
  1.2100550e-001
  1.2600644e-001
  1.2896604e-001
  8.0103240e-002
  2.5723040e-002
 -3.8669820e-002
 -6.4711360e-002
 -5.5041700e-002
 -5.0311240e-002
 -6.3456960e-002
 -1.2625732e-001
 -1.7911754e-001
 -2.4284694e-001
 -3.0699382e-001
 -2.9755348e-001
 -2.5076240e-001
 -2.1582050e-001
 -1.6268098e-001
 -1.9155570e-001
 -2.3370060e-001
 -2.8192738e-001
 -3.0070614e-001
 -1.9569424e-001
 -1.0622808e-001
  3.8802120e-002
  1.6296224e-001
  3.2173204e-001
  3.3445538e-001
  2.1918288e-001
  1.4812308e-001
  1.0240020e-002
 -1.1002460e-002
  5.3277700e-002
  1.0118402e-001
  1.2614168e-001
  1.4296730e-001
  1.2853680e-001
  1.0346938e-001
  7.1132320e-002
  1.8213300e-002
 -3.3431720e-002
 -8.5399160e-002
 -1.5834448e-001
 -2.3834384e-001
 -3.1858232e-001
 -3.4050982e-001
 -3.1799726e-001
 -2.1319606e-001
 -7.2975700e-002
 -9.2904000e-003
  1.4904820e-002
  4.6891040e-002
  7.4920020e-002
  1.2053902e-001
  1.5574454e-001
  1.1633678e-001
  5.5598340e-002
  6.2631800e-003
  2.7038200e-003
  3.2320400e-003
 -1.3629840e-002
 -4.6090380e-002
 -7.2369080e-002
 -8.5812720e-002
 -9.8348880e-002
 -1.2347510e-001
 -1.4696668e-001
 -1.7200078e-001
 -2.0001702e-001
 -2.5564182e-001
 -3.1707508e-001
 -2.8700280e-001
 -2.3060674e-001
 -1.0458756e-001
  7.3598000e-004
  1.0646720e-002
  3.5916020e-002
  5.3016040e-002
  8.3319600e-002
  5.2381000e-002
  7.0677600e-003
 -3.7091040e-002
 -9.6218360e-002
 -1.5511538e-001
 -2.0480040e-001
 -1.4320348e-001
 -7.3423560e-002
 -2.1347340e-002
  2.2201900e-002
  7.0026880e-002
  1.0031966e-001
  7.5180700e-002
  5.4070520e-002
  2.8621880e-002
  1.4826420e-002
 -2.0188000e-004
  1.0711400e-003
  5.6448000e-003
  1.0812340e-002
  1.0149860e-002
  2.8067200e-003
 -1.0682000e-003
 -1.5637860e-002
 -5.2664220e-002
 -8.5988140e-002
 -1.2618186e-001
 -1.5388450e-001
 -1.3092898e-001
 -1.0236100e-001
 -5.5806100e-002
 -6.2004600e-003
  4.0154520e-002
  9.7439440e-002
  9.6178180e-002
  4.5580780e-002
  6.8090400e-003
 -3.1322760e-002
 -4.5166240e-002
 -6.7937520e-002
 -5.2113460e-002
 -4.4487100e-002
 -1.8013380e-002
  1.6836400e-003
  2.9432340e-002
  2.8360220e-002
  1.7358740e-002
  6.4660400e-003
  5.4429200e-003
  1.6696260e-002
  2.2272460e-002
  3.6196300e-002
  3.2096960e-002
  7.3294200e-003
 -1.4178640e-002
 -4.1442240e-002
 -6.4699600e-002
 -6.2689620e-002
 -5.2352580e-002
 -5.7026200e-003
  4.5006500e-002
  7.5589360e-002
  6.3759780e-002
  6.5291520e-002
  1.0694152e-001
  1.6048480e-001
  1.7341002e-001
  1.1709236e-001
  7.0007280e-002
  3.5989520e-002
  2.4805760e-002
  2.0197800e-003
 -4.4609600e-003
 -3.6466780e-002
 -8.1921140e-002
 -1.1452770e-001
 -7.0150360e-002
 -3.8457160e-002
  9.7118000e-003
  2.4943940e-002
  3.3779620e-002
  4.0929700e-002
  4.4672320e-002
  6.4862280e-002
  1.2033518e-001
  1.1710510e-001
  1.0790878e-001
  9.7749120e-002
  8.0797080e-002
  7.6323380e-002
  1.0969042e-001
  1.3770470e-001
  1.6555532e-001
  1.4404628e-001
  1.2985882e-001
  1.1126724e-001
  1.0819592e-001
  9.7434540e-002
  9.7883380e-002
  6.2785660e-002
  1.5415400e-003
 -5.3984280e-002
 -1.0943268e-001
 -1.5196272e-001
 -1.9683398e-001
 -1.6988888e-001
 -1.3950398e-001
 -1.0325868e-001
 -6.3504000e-002
 -1.0151820e-002
  6.6525340e-002
  1.0535196e-001
  1.2147296e-001
  1.3797420e-001
  1.6569448e-001
  2.1516096e-001
  2.6860134e-001
  2.7340628e-001
  2.1710920e-001
  1.7803464e-001
  1.1605650e-001
  6.1122600e-002
 -1.6366000e-004
 -5.4091100e-002
 -9.9090740e-002
 -1.4370916e-001
 -1.8669294e-001
 -2.3138976e-001
 -2.6154828e-001
 -2.5445896e-001
 -2.2713362e-001
 -1.7107860e-001
 -1.2643078e-001
 -5.3524660e-002
  4.7171320e-002
  1.4874244e-001
  2.1017864e-001
  2.5421592e-001
  2.5156894e-001
  2.4492160e-001
  2.2624868e-001
  1.7860402e-001
  1.3615630e-001
  8.2121060e-002
  1.3866020e-002
 -4.3765820e-002
 -8.9157460e-002
 -9.7026860e-002
 -9.9671880e-002
 -1.0031574e-001
 -1.0380944e-001
 -1.3571432e-001
 -1.2138182e-001
 -9.9491560e-002
 -7.2021180e-002
 -1.8574920e-002
  2.7902560e-002
  8.2770800e-002
  1.3104756e-001
  1.9023760e-001
  1.9349218e-001
  1.3908552e-001
  9.9594460e-002
  4.3504160e-002
  4.3904000e-002
  4.0221160e-002
  4.5184860e-002
  4.9035280e-002
  3.8752140e-002
  2.1306180e-002
  2.2296960e-002
  1.5721160e-002
  1.6485560e-002
  1.2023620e-002
  1.2011860e-002
 -2.8444500e-002
 -6.8411840e-002
 -1.1501378e-001
 -9.5476500e-002
 -5.5588540e-002
 -1.6660000e-002
  3.0704380e-002
  7.7714980e-002
  9.2212120e-002
  9.2024940e-002
  9.4903200e-002
  9.1751520e-002
  8.5783320e-002
  5.1764580e-002
  2.1774620e-002
 -1.4348180e-002
 -3.8372880e-002
 -3.3906040e-002
 -3.3999140e-002
 -2.8651280e-002
 -3.9774280e-002
 -5.3915680e-002
 -6.7286800e-002
 -8.5290380e-002
 -8.6880920e-002
 -7.7016240e-002
 -7.0234640e-002
 -6.1143180e-002
 -7.4484900e-002
 -8.6537920e-002
 -1.0161424e-001
 -1.1116336e-001
 -9.0152160e-002
 -7.5213040e-002
 -5.2918040e-002
 -6.2004600e-002
 -7.9193800e-002
 -9.6624080e-002
 -1.1790870e-001
 -1.3446090e-001
 -1.0470810e-001
 -7.7365120e-002
 -4.4349900e-002
 -1.1531660e-002
  2.1266000e-002
  4.2374220e-002
  6.7710160e-002
  8.7307220e-002
  1.2036360e-001
  1.5934016e-001
  1.9828928e-001
  2.3282742e-001
  2.5779880e-001
  2.7020168e-001
  2.7808186e-001
  2.8672840e-001
  2.7811322e-001
  2.7023402e-001
  2.5815748e-001
  2.5042234e-001
  2.1868406e-001
  1.7249568e-001
  1.2934530e-001
  1.0915828e-001
  1.0456600e-001
  9.5297160e-002
  9.0547100e-002
  7.1964340e-002
  5.8613800e-002
  3.9905600e-002
  2.3223060e-002
 -1.8133920e-002
 -3.4985020e-002
 -4.1569640e-002
 -4.8151320e-002
 -4.3089620e-002
 -4.2589820e-002
 -3.7640820e-002
 -3.5754320e-002
 -3.1909780e-002
 -4.7239920e-002
 -6.3418740e-002
 -8.5011080e-002
 -1.0982762e-001
 -1.3433056e-001
 -1.5949108e-001
 -1.8102070e-001
 -1.7293864e-001
 -1.6788086e-001
 -1.5859340e-001
 -1.4665602e-001
 -1.0755794e-001
 -6.8029640e-002
 -3.2222400e-002
 -9.4040800e-003
 -1.9066880e-002
 -2.7503700e-002
 -4.0104540e-002
 -5.4249860e-002
 -6.9353620e-002
 -9.4619000e-002
 -1.1687970e-001
 -1.4327600e-001
 -1.4251846e-001
 -1.2540570e-001
 -1.2163466e-001
 -1.2357506e-001
 -1.2637982e-001
 -1.3028120e-001
 -1.3319474e-001
 -1.0581256e-001
 -7.8532300e-002
 -4.6281480e-002
 -1.9963580e-002
 -5.0744400e-003
  1.0634960e-002
  2.5175220e-002
  1.0590860e-002
 -1.8478880e-002
 -4.2590800e-002
 -7.5465880e-002
 -1.0317930e-001
 -1.3284880e-001
 -1.0081162e-001
 -6.1976180e-002
 -1.8046700e-002
  2.7439020e-002
  7.9723980e-002
  8.9150600e-002
  5.4282200e-002
  3.0090900e-002
 -6.2112400e-003
 -1.2013820e-002
 -2.1583520e-002
 -2.6515860e-002
 -3.1670660e-002
 -4.8442380e-002
 -6.9351660e-002
 -8.9237820e-002
 -1.1158182e-001
 -1.3268612e-001
 -1.4002534e-001
 -1.3739894e-001
 -1.4023898e-001
 -1.3443934e-001
 -1.3845048e-001
 -1.0239922e-001
 -2.9594040e-002
  3.2170460e-002
  6.3173740e-002
  8.5149260e-002
  1.1222078e-001
  1.5733802e-001
  1.9711524e-001
  1.8825702e-001
  1.8199580e-001
  1.7020640e-001
  1.5559068e-001
  1.4189616e-001
  1.2847800e-001
  1.2447666e-001
  1.2008038e-001
  1.1632012e-001
  1.1433170e-001
  1.0619868e-001
  6.4161580e-002
  2.0828920e-002
 -2.3226000e-003
  4.4070600e-003
  4.2238000e-003
  1.3686680e-002
  1.9439280e-002
  8.4730800e-003
 -1.1149460e-002
 -2.6655020e-002
 -5.0072120e-002
 -5.3105220e-002
 -4.1651960e-002
 -2.9857660e-002
 -1.1068120e-002
  4.6432400e-003
  2.3930620e-002
  1.9687220e-002
  7.1883000e-003
 -4.2081200e-003
 -1.9266800e-002
 -3.3453280e-002
 -4.7487860e-002
 -5.6530320e-002
 -6.4980860e-002
 -7.3696980e-002
 -8.1029340e-002
 -9.1225260e-002
 -1.2705994e-001
 -1.6879520e-001
 -1.4391300e-001
 -1.0489332e-001
 -7.0150360e-002
 -3.4948760e-002
 -1.7385200e-003
  3.1768660e-002
  6.3964600e-002
  9.4918880e-002
  9.0804840e-002
  8.3403880e-002
  7.3109960e-002
  5.0677760e-002
  3.0156560e-002
  3.6603000e-003
 -3.3220040e-002
 -5.1982140e-002
 -4.3860880e-002
 -4.0062400e-002
 -2.9758680e-002
 -2.0421240e-002
 -9.9499400e-003
 -6.9776000e-004
  1.0374280e-002
  1.3812120e-002
 -1.7081400e-003
 -1.5602580e-002
 -2.9713600e-002
 -2.2541960e-002
 -1.5992620e-002
 -1.6390500e-002
 -2.6478620e-002
 -3.2423300e-002
 -4.4490040e-002
 -4.5932600e-002
 -2.0803440e-002
  3.1899000e-003
  2.9916460e-002
  5.9680040e-002
  8.7402280e-002
  1.1555768e-001
  1.0701404e-001
  9.3531200e-002
  7.8058960e-002
  6.8412820e-002
  6.3316820e-002
  5.7460340e-002
  5.0331820e-002
  4.1325620e-002
  3.2582060e-002
  2.3561160e-002
  1.4145320e-002
  5.3870600e-003
 -4.1522600e-003
 -1.3025180e-002
 -2.0531980e-002
 -1.3788600e-003
  1.8134900e-002
  4.0136880e-002
  6.3730380e-002
  8.6944620e-002
  1.0980704e-001
  1.2926396e-001
  1.5060738e-001
  1.6465274e-001
  1.7425674e-001
  1.8407242e-001
  1.9368034e-001
  2.0137138e-001
  2.1236698e-001
  1.9758662e-001
  1.7243198e-001
  1.3522236e-001
  6.4907360e-002
  1.3944420e-002
 -2.0041980e-002
 -5.5076980e-002
 -8.2254340e-002
 -8.8833080e-002
 -1.0155740e-001
 -9.3170560e-002
 -8.0245340e-002
 -6.0907000e-002
 -3.2581080e-002
 -3.4731200e-003
  2.3908080e-002
  5.6607740e-002
  4.5444560e-002
  1.2668460e-002
 -1.3439720e-002
 -3.2896640e-002
 -4.7699540e-002
 -5.4241040e-002
 -5.8062060e-002
 -6.2201580e-002
 -6.5201360e-002
 -6.8554920e-002
 -7.1818320e-002
 -7.5143460e-002
 -7.7371980e-002
 -7.2515100e-002
 -6.8635280e-002
 -6.3609840e-002
 -5.8399180e-002
 -5.3491340e-002
 -4.8368880e-002
 -6.0528720e-002
 -7.8976240e-002
 -9.6373200e-002
 -1.1383876e-001
 -1.2549292e-001
 -1.3842206e-001
 -1.3128178e-001
 -1.2328400e-001
 -1.1378388e-001
 -1.0260110e-001
 -8.7424820e-002
 -7.1768340e-002
 -5.6149100e-002
 -3.9698820e-002
 -2.4005100e-002
 -7.2794400e-003
 -3.5877800e-003
 -8.1820200e-003
 -8.7445400e-003
 -2.2681120e-002
 -4.1883240e-002
 -5.2387860e-002
 -6.1350940e-002
 -7.1527260e-002
 -7.8775340e-002
 -8.8636100e-002
 -9.4829700e-002
 -9.5227580e-002
 -9.2549240e-002
 -8.8744880e-002
 -2.4642100e-002
  1.8914000e-004
  4.8137600e-003
  2.0216420e-002
  2.3611140e-002
  3.3158300e-002
  4.8113100e-002
  6.4316420e-002
  8.0294340e-002
  9.7392400e-002
  1.1433268e-001
  1.2755484e-001
  1.0640644e-001
  8.8855620e-002
  6.6172540e-002
  4.3304240e-002
  1.9431440e-002
  1.0799600e-002
  8.6308600e-003
  4.9637000e-003
  4.0640600e-003
 -5.0303400e-003
 -1.4189420e-002
 -2.4025680e-002
 -3.4496980e-002
 -4.2736820e-002
 -4.3830500e-002
 -3.8699220e-002
 -1.2998720e-002
  8.2045600e-003
  3.5559300e-002
  4.7047840e-002
  5.4851580e-002
  6.1638080e-002
  6.8271700e-002
  7.2866920e-002
  8.0251220e-002
  7.4945500e-002
  6.3987140e-002
  2.8433720e-002
 -5.1773400e-003
 -4.6225620e-002
 -6.4465380e-002
 -5.9974040e-002
 -6.0226880e-002
 -5.3685380e-002
 -4.9114660e-002
 -4.3536500e-002
 -3.9131400e-002
 -2.8707140e-002
 -2.8126000e-004
  2.5662280e-002
  5.1516640e-002
  4.1752900e-002
  3.6887200e-002
  2.5386900e-002
  1.5000860e-002
  1.9658800e-003
 -2.2334200e-003
 -2.2834000e-004
  1.2612600e-003
  3.9013800e-003
  7.3480400e-003
  5.5262200e-003
  1.0241000e-003
 -3.1987200e-003
 -6.5973600e-003
  1.0211600e-003
  7.3088400e-003
  1.5276240e-002
  2.3661120e-002
  2.9319640e-002
  2.7618360e-002
  2.7550740e-002
  2.5450600e-002
  2.4341240e-002
  2.1382620e-002
  2.7187160e-002
  4.3894200e-002
  5.7550500e-002
  7.5986260e-002
  8.4042840e-002
  8.2041680e-002
  8.3339200e-002
  7.4601520e-002
  5.0322020e-002
  2.8403340e-002
  2.3843400e-003
 -1.7885000e-002
 -1.8473000e-002
 -2.1144480e-002
 -2.0504540e-002
 -2.0526100e-002
 -3.0611280e-002
 -4.3100400e-002
 -4.9366520e-002
 -4.8883380e-002
 -4.9459620e-002
 -4.8381620e-002
 -4.6674460e-002
 -5.1750860e-002
 -6.6851680e-002
 -7.8998780e-002
 -9.4701320e-002
 -9.7031760e-002
 -9.6129180e-002
 -9.5481400e-002
 -9.2919680e-002
 -9.1044940e-002
 -8.8660600e-002
 -8.6715300e-002
 -8.4374080e-002
 -8.2367040e-002
 -8.0202220e-002
 -7.6832980e-002
 -6.2039880e-002
 -4.7179160e-002
 -3.5187880e-002
 -3.5530880e-002
 -3.3953080e-002
 -3.4989920e-002
 -3.6051260e-002
 -3.2002880e-002
 -1.8546500e-002
 -1.5058680e-002
 -1.3880720e-002
 -1.2468540e-002
 -1.2364660e-002
 -1.0683960e-002
  1.6072000e-004
  9.8245000e-003
  2.0480040e-002
  2.4682280e-002
  2.9266720e-002
  3.3239640e-002
  3.6872500e-002
  4.8298320e-002
  6.2928740e-002
  7.6657560e-002
  9.2201340e-002
  1.0702874e-001
  1.2199530e-001
  1.3793598e-001
  1.4308882e-001
  1.2023228e-001
  1.0323222e-001
  7.7750260e-002
  6.7085900e-002
  6.3357000e-002
  5.8273740e-002
  5.5986420e-002
  5.2999380e-002
  5.0381800e-002
  4.7529020e-002
  4.5047660e-002
  4.2235060e-002
  3.8550260e-002
  3.1197320e-002
  2.6174820e-002
  1.0971100e-002
 -1.0414460e-002
 -3.0863140e-002
 -4.5796380e-002
 -4.7805380e-002
 -5.3804940e-002
 -5.4684980e-002
 -6.2475980e-002
 -8.4407400e-002
 -1.0074204e-001
 -8.4088900e-002
 -7.0636440e-002
 -5.2978800e-002
 -3.3409180e-002
 -2.8129920e-002
 -2.8686560e-002
 -2.8455280e-002
 -2.6527620e-002
 -1.1744320e-002
  6.4974000e-004
  1.0186120e-002
  1.0847620e-002
  1.6365020e-002
  1.5265460e-002
  3.1206140e-002
  6.8400080e-002
  9.8563500e-002
  1.0203956e-001
  1.0502366e-001
  1.0620162e-001
  9.8580160e-002
  8.9145700e-002
  7.9220260e-002
  7.3530380e-002
  7.1559600e-002
  6.8412820e-002
  6.7058460e-002
  6.3233520e-002
  3.9991840e-002
  1.3142780e-002
 -1.3090840e-002
 -4.3169980e-002
 -7.0506100e-002
 -9.9183840e-002
 -8.6236080e-002
 -6.3400120e-002
 -4.0961060e-002
 -1.3185900e-002
  1.3783700e-002
  3.4542060e-002
  3.7401700e-002
  4.3738380e-002
  4.5661140e-002
  4.8747160e-002
  5.0604260e-002
  5.3810820e-002
  5.5653220e-002
  5.8416820e-002
  4.6236400e-002
  2.8926660e-002
  1.3022240e-002
 -6.8737200e-003
 -1.6639420e-002
 -1.9101180e-002
 -2.4614660e-002
 -2.5317320e-002
 -3.5416220e-002
 -5.0257340e-002
 -6.3930300e-002
 -7.9732800e-002
 -9.3633120e-002
 -9.7322820e-002
 -1.0175438e-001
 -1.0486980e-001
 -1.0771474e-001
 -1.0963554e-001
 -1.0406620e-001
 -9.8576240e-002
 -9.2448300e-002
 -8.5682380e-002
 -7.9359420e-002
 -7.1727180e-002
 -6.3283500e-002
 -5.4941740e-002
 -4.6451020e-002
 -3.7615340e-002
 -3.1237500e-002
 -2.6534480e-002
 -2.1210140e-002
 -1.6743300e-002
 -1.1842320e-002
 -7.2245600e-003
 -3.0683800e-003
 -8.1095000e-003
 -1.3161400e-002
 -1.9450060e-002
 -2.2320480e-002
 -8.5652000e-003
  2.5930800e-003
  1.7455760e-002
  3.0995440e-002
  4.7046860e-002
  5.3219880e-002
  4.7741680e-002
  4.3245440e-002
  3.7517340e-002
  2.5406500e-002
  8.8229400e-003
 -7.1794800e-003
 -1.6776620e-002
 -2.2144080e-002
 -3.4675340e-002
 -6.1031460e-002
 -8.2713960e-002
 -1.1149362e-001
 -1.0706990e-001
 -8.7101420e-002
 -7.0828520e-002
 -4.7434940e-002
 -2.6563880e-002
 -3.8631600e-003
  1.5569260e-002
  2.4241280e-002
  3.3179860e-002
  4.5557260e-002
  6.9357540e-002
  8.4426020e-002
  8.7693340e-002
  9.2458100e-002
  9.4749340e-002
  9.6896520e-002
  9.8948640e-002
  1.0127418e-001
  1.0215128e-001
  9.8082320e-002
  9.4612140e-002
  9.0175680e-002
  8.6914240e-002
  8.9280940e-002
  9.0721540e-002
  9.3372440e-002
  9.5887120e-002
  9.7124860e-002
  8.8070640e-002
  8.0859800e-002
  7.1322440e-002
  6.8297180e-002
  6.7507300e-002
  6.6493000e-002
  6.6499860e-002
  6.6149020e-002
  6.6295040e-002
  6.3560840e-002
  5.6420560e-002
  5.0119160e-002
  4.2898520e-002
  3.4344100e-002
  2.3417100e-002
  1.2810560e-002
  2.0315400e-003
 -9.6373200e-003
 -1.6758000e-002
 -9.3119600e-003
 -2.8126000e-003
  5.1499000e-003
  1.4283500e-002
  7.0785400e-003
 -5.5615000e-003
 -1.5654520e-002
 -1.3335840e-002
 -1.1752160e-002
 -8.2545400e-003
 -4.6158000e-003
 -2.4500000e-004
 -2.3588600e-003
 -8.9062400e-003
 -1.3630820e-002
 -2.1475720e-002
 -2.1666820e-002
 -1.0227280e-002
 -3.2928000e-004
  1.1878580e-002
  2.4038420e-002
  2.3836540e-002
  1.8677820e-002
  1.5489880e-002
  1.8158420e-002
  2.2244040e-002
  2.6530560e-002
  3.0213400e-002
  2.5862200e-002
  2.1604100e-002
  2.1876540e-002
  3.2348820e-002
  4.1433420e-002
  5.0960980e-002
  4.6241300e-002
  4.2722120e-002
  3.7551640e-002
  3.1539340e-002
  2.6100340e-002
  2.0352640e-002
  1.9248180e-002
  1.8395580e-002
  1.5468320e-002
 -1.2787040e-002
 -4.0707240e-002
 -6.7067280e-002
 -7.0203280e-002
 -7.6108760e-002
 -7.7782600e-002
 -7.9824920e-002
 -8.0692220e-002
 -8.3449940e-002
 -7.7588560e-002
 -6.1376420e-002
 -4.7742660e-002
 -3.0872940e-002
 -2.9223600e-002
 -3.0281020e-002
 -3.1894100e-002
 -3.4846840e-002
 -3.7007740e-002
 -2.3802240e-002
 -7.4117400e-003
  8.3966400e-003
  2.7942740e-002
  3.4605760e-002
  2.1539420e-002
  1.3306440e-002
 -1.4847000e-003
 -2.8743400e-003
 -9.4374000e-004
  1.2308800e-003
  4.6256000e-003
  8.1144000e-003
  1.1309200e-002
  1.4651000e-002
  1.1704140e-002
  8.0242400e-003
  3.8955000e-003
 -5.2528000e-004
 -5.3106200e-003
 -7.9291800e-003
 -8.0869600e-003
 -8.6220400e-003
 -9.7470800e-003
 -2.2017660e-002
 -3.3115180e-002
 -4.5944360e-002
 -5.8640260e-002
 -7.2414160e-002
 -7.8663620e-002
 -6.2396600e-002
 -4.9886900e-002
 -3.2071480e-002
 -1.6291520e-002
  3.6995000e-003
  2.4500000e-005
 -3.0387840e-002
 -5.1616600e-002
 -8.7185700e-002
 -8.1951520e-002
 -3.1396260e-002
  1.6983400e-003
  6.2061440e-002
  2.8102480e-002
 -5.7604400e-002
 -1.2961578e-001
 -2.2058330e-001
 -1.8517296e-001
 -9.3918300e-002
 -9.1339920e-002
 -7.6627180e-002
 -9.0092380e-002
 -1.5839740e-002
  8.3706700e-002
  1.9984356e-001
  1.4744786e-001
  7.1726200e-003
 -1.0717770e-001
 -9.8436100e-002
 -4.7859280e-002
 -3.0693600e-003
  6.9432020e-002
  1.0660734e-001
  1.5059660e-002
 -6.9444760e-002
 -1.3770274e-001
 -6.6803660e-002
 -2.0055700e-002
 -3.5272160e-002
 -9.0226640e-002
 -8.6226280e-002
 -5.2398640e-002
 -2.4251080e-002
 -1.6182740e-002
 -1.2919340e-002
  1.0938760e-002
  3.4217680e-002
  6.6688020e-002
  5.3953900e-002
  2.0352640e-002
 -1.3907180e-002
 -4.7563320e-002
 -9.6985700e-002
 -5.7483860e-002
  4.8017060e-002
  1.1904158e-001
  9.4602340e-002
  6.0328800e-002
  2.4075660e-002
 -3.1695160e-002
 -3.7589860e-002
 -1.3558300e-002
  1.3612200e-003
  6.8727400e-003
 -5.7722000e-003
 -9.9391600e-003
 -2.3507260e-002
 -1.3270180e-002
 -3.6201200e-003
  8.2535600e-003
  2.7466460e-002
  5.5322960e-002
  8.3494040e-002
  9.3188200e-002
  6.0536560e-002
  3.6168860e-002
  1.8384800e-003
 -3.3252380e-002
 -3.7264500e-002
  1.4357980e-002
  4.4640960e-002
  1.0329984e-001
  7.6934900e-002
  2.2718360e-002
 -3.1393320e-002
 -4.1187440e-002
 -2.5502540e-002
 -1.3044780e-002
 -1.4654920e-002
 -6.1286260e-002
 -7.3210900e-002
 -7.3526460e-002
 -7.6107780e-002
 -7.2802240e-002
 -7.0638400e-002
 -5.6666540e-002
 -3.7532040e-002
 -2.1170940e-002
  2.1805000e-003
  3.2886840e-002
  6.3575540e-002
  6.7973780e-002
  5.1402960e-002
  5.3936260e-002
  5.4069540e-002
  5.7399580e-002
  3.2543840e-002
 -4.1258000e-004
 -3.2775120e-002
 -7.0221900e-002
 -9.5550000e-002
 -8.4600460e-002
 -8.0399200e-002
 -6.8115880e-002
 -7.4525080e-002
 -7.7425880e-002
 -8.4698460e-002
 -6.1274500e-002
 -3.7397780e-002
 -7.3088400e-003
  9.9470000e-004
 -4.3698200e-003
