0	0
0.02	-0.4223555
0.04	-0.36617308
0.06	-0.2426823
0.08	-0.09971794
0.1	-0.00620732
0.12	-0.01924132
0.14	-0.16316314
0.16	-0.44585786
0.18	-0.88756346
0.2	-1.3258361
0.22	-1.587404
0.24	-1.7195727
0.26	-1.5197958
0.28	-0.96061756
0.3	-0.50356516
0.32	0.14411292
0.34	1.0131073
0.36	1.4594317
0.38	1.29027
0.4	0.91036512
0.42	0.53511822
0.44	0.16654904
0.46	-0.14038892
0.48	-0.21061768
0.5	-0.00073108
0.52	0.6152734
0.54	1.3912374
0.56	1.8530026
0.58	2.1427426
0.6	2.2351105
0.62	2.199122
0.64	1.9862738
0.66	1.6212973
0.68	1.2128509
0.7	0.82047854
0.72	0.37151898
0.74	-0.02310742
0.76	-0.31210158
0.78	-0.53922834
0.8	-0.76443332
0.82	-0.9968315
0.84	-1.1413198
0.86	-1.2834639
0.88	-1.3676125
0.9	-1.2952591
0.92	-1.1313502
0.94	-0.82758746
0.96	-0.5682775
0.98	-0.53970854
1	-0.6215209
1.02	-0.81951912
1.04	-1.1563196
1.06	-1.5304337
1.08	-1.8908718
1.1	-2.2092983
1.12	-2.3620754
1.14	-2.3972495
1.16	-2.2525173
1.18	-1.8833885
1.2	-1.2058988
1.22	-0.32023264
1.24	0.4685821
1.26	1.2383584
1.28	1.8042809
1.3	1.9997743
1.32	1.9205305
1.34	1.5876353
1.36	1.0985839
1.38	0.56945938
1.4	0.1149442
1.42	-0.18812276
1.44	-0.35298032
1.46	-0.2376598
1.48	0.11420332
1.5	0.6302968
1.52	1.2956296
1.54	1.9002357
1.56	2.3904101
1.58	2.6480472
1.6	2.612241
1.62	2.3840146
1.64	1.9825782
1.66	1.460444
1.68	1.0790163
1.7	0.72466198
1.72	0.39293492
1.74	0.23973642
1.76	0.229565
1.78	0.27040552
1.8	0.31278268
1.82	0.3908877
1.84	0.49978334
1.86	0.5568899
1.88	0.55853336
1.9	0.43899002
1.92	0.16514666
1.94	-0.28136486
1.96	-1.0084974
1.98	-1.6848611
2	-2.1152918
2.02	-2.5062491
2.04	-2.5550776
2.06	-2.2557895
2.08	-1.9354392
2.1	-1.6430827
2.12	-1.2631112
2.14	-1.1491117
2.16	-1.3867441
2.18	-1.7093425
2.2	-2.0099496
2.22	-2.2193002
2.24	-2.3404801
2.26	-2.2814939
2.28	-1.9724274
2.3	-1.5378836
2.32	-1.1459797
2.34	-0.75735772
2.36	-0.41942824
2.38	-0.19390476
2.4	-0.06986812
2.42	-0.01803886
2.44	-0.0154203
2.46	-0.05858342
2.48	-0.07398706
2.5	0.03127082
2.52	0.35087626
2.54	1.0131554
2.56	1.8856592
2.58	2.5604646
2.6	3.1078622
2.62	3.4542844
2.64	3.1992992
2.66	2.4429136
2.68	1.8627507
2.7	1.4143223
2.72	0.63847
2.74	-0.02166976
2.76	-0.24407782
2.78	0.03965864
2.8	0.71628396
2.82	1.5537204
2.84	2.1572848
2.86	2.2855462
2.88	2.2317667
2.9	1.9552519
2.92	1.6038347
2.94	1.1241051
2.96	0.58595082
2.98	-0.00758912
3	-0.79791992
3.02	-1.5403905
3.04	-1.8216299
3.06	-2.0958809
3.08	-2.1050616
3.1	-1.6963594
3.12	-1.0376005
3.14	-0.38399536
3.16	0.30257108
3.18	1.0461314
3.2	1.5392282
3.22	1.4446719
3.24	1.160025
3.26	0.80517878
3.28	0.3972724
3.3	-0.16730658
3.32	-0.85910622
3.34	-1.3663758
3.36	-1.8234096
3.38	-2.2319471
3.4	-2.3982442
3.42	-2.4722685
3.44	-2.2733677
3.46	-1.7824309
3.48	-1.2746017
3.5	-0.81130574
3.52	-0.3691856
3.54	-0.24583398
3.56	-0.34158096
3.58	-0.4491977
3.6	-0.5737018
3.62	-0.73792628
3.64	-0.86999696
3.66	-0.92728188
3.68	-0.92420076
3.7	-0.89761434
3.72	-0.79956142
3.74	-0.62820254
3.76	-0.42083454
3.78	-0.16985752
3.8	0.35110656
3.82	0.95365662
3.84	1.2190514
3.86	1.2993683
3.88	1.2074139
3.9	1.0509638
3.92	0.83073424
3.94	0.60011574
3.96	0.44590392
3.98	0.43967994
4	0.558159
4.02	0.73040478
4.04	0.92574622
4.06	1.109115
4.08	1.2520637
4.1	1.3389358
4.12	1.38719
4.14	1.3487681
4.16	1.2270002
4.18	1.1264443
4.2	1.0686616
4.22	1.0125928
4.24	0.93080988
4.26	0.80964072
4.28	0.69325004
4.3	0.61352802
4.32	0.57110382
4.34	0.55194776
4.36	0.51450098
4.38	0.41427932
4.4	0.24372208
4.42	0.00850052
4.44	-0.30767688
4.46	-0.56680358
4.48	-0.7694029
4.5	-0.9854292
4.52	-1.1963869
4.54	-1.4285293
4.56	-1.6046932
4.58	-1.6625886
4.6	-1.6708775
4.62	-1.6004703
4.64	-1.4392937
4.66	-1.1983352
4.68	-0.94962588
4.7	-0.7025375
4.72	-0.53877754
4.74	-0.55324626
4.76	-0.65936948
4.78	-0.79064146
4.8	-0.88557994
4.82	-0.95816364
4.84	-1.0006319
4.86	-1.0138757
4.88	-1.044876
4.9	-1.0986349
4.92	-1.1348429
4.94	-1.1125871
4.96	-1.0211835
4.98	-0.84170436
5	-0.5100263
5.02	-0.05162346
5.04	0.47194546
5.06	1.0411745
5.08	1.6679767
5.1	2.2560217
5.12	2.4763581
5.14	2.3204254
5.16	2.0178504
5.18	1.6470243
5.2	1.2307252
5.22	0.90740552
5.24	0.7693392
5.26	0.85417878
5.28	1.3139546
5.3	1.9026396
5.32	2.3042368
5.34	2.5533753
5.36	2.6170038
5.38	2.4473971
5.4	2.114741
5.42	1.655418
5.44	1.2510004
5.46	0.8722098
5.48	0.38832402
5.5	-0.09384284
5.52	-0.44739156
5.54	-0.68087166
5.56	-0.7446922
5.58	-0.62763904
5.6	-0.38313982
5.62	-0.1000041
5.64	0.02127874
5.66	-0.18014262
5.68	-0.62203932
5.7	-1.096377
5.72	-1.793545
5.74	-2.6369801
5.76	-3.0742835
5.78	-3.301522
5.8	-3.3788136
5.82	-3.0414957
5.84	-2.4718893
5.86	-1.8196914
5.88	-0.95592042
5.9	-0.27219402
5.92	0.3660594
5.94	0.90148142
5.96	1.1474428
5.98	1.2678397
6	1.142192
6.02	0.81407522
6.04	0.49444234
6.06	0.22848602
6.08	0.04781224
6.1	-0.04827872
6.12	0.00322126
6.14	0.23986186
6.16	0.5222028
6.18	0.81802364
6.2	1.0487872
6.22	1.2028393
6.24	1.276354
6.26	1.2838118
6.28	1.2209036
6.3	1.1063808
6.32	1.03086
6.34	1.0815143
6.36	1.2233957
6.38	1.3784935
6.4	1.4633948
6.42	1.3735033
6.44	1.1163778
6.46	0.79078846
6.48	0.40441562
6.5	0.02036048
6.52	-0.28620508
6.54	-0.5974325
6.56	-0.76906186
6.58	-0.86392096
6.6	-0.93808638
6.62	-0.96707772
6.64	-0.9786868
6.66	-0.9664564
6.68	-0.92044442
6.7	-0.83692294
6.72	-0.73572324
6.74	-0.63157178
6.76	-0.5923365
6.78	-0.62072808
6.8	-0.68854408
6.82	-0.77910392
6.84	-0.8946812
6.86	-1.0138502
6.88	-1.1081879
6.9	-1.1632972
6.92	-1.131016
6.94	-0.99857394
6.96	-0.80499944
6.98	-0.47438468
7	-0.09402218
7.02	0.2626351
7.04	0.59345958
7.06	0.89967234
7.08	1.118131
7.1	1.1716086
7.12	1.0894395
7.14	0.94222394
7.16	0.76787606
7.18	0.578935
7.2	0.43808842
7.22	0.37377004
7.24	0.33096266
7.26	0.3052994
7.28	0.30218692
7.3	0.30418318
7.32	0.32246312
7.34	0.37607892
7.36	0.43297772
7.38	0.48376622
7.4	0.51345434
7.42	0.4811653
7.44	0.40642266
7.46	0.27381004
7.48	0.04645396
7.5	-0.2042565
7.52	-0.4471544
7.54	-0.6562521
7.56	-0.82119786
7.58	-0.9465771
7.6	-1.0378386
7.62	-1.108919
7.64	-1.1816771
7.66	-1.2352155
7.68	-1.269099
7.7	-1.2998465
7.72	-1.3006893
7.74	-1.2409466
7.76	-1.1276056
7.78	-0.99869644
7.8	-0.92928794
7.82	-0.91140784
7.84	-0.9093812
7.86	-0.90065528
7.88	-0.87548594
7.9	-0.82470626
7.92	-0.75759194
7.94	-0.67669882
7.96	-0.56486122
7.98	-0.45020906
8	-0.3812249
8.02	-0.32558932
8.04	-0.26451278
8.06	-0.19496414
8.08	-0.1203195
8.1	-0.03230766
8.12	0.0865242
8.14	0.22378496
8.16	0.37093686
8.18	0.52035452
8.2	0.66851288
8.22	0.81689272
8.24	0.95614386
8.26	1.0703864
8.28	1.1415138
8.3	1.1394244
8.32	1.0963701
8.34	1.0419928
8.36	0.96105464
8.38	0.87241854
8.4	0.79287684
8.42	0.78056706
8.44	0.83590864
8.46	0.91786702
8.48	1.0260081
8.5	1.1288453
8.52	1.1988007
8.54	1.2148198
8.56	1.1521076
8.58	1.0050067
8.6	0.77791028
8.62	0.53057494
8.64	0.29720558
8.66	0.08692698
8.68	-0.09834398
8.7	-0.25529784
8.72	-0.34982668
8.74	-0.45285016
8.76	-0.54628336
8.78	-0.63182168
8.8	-0.69309912
8.82	-0.74190802
8.84	-0.78262408
8.86	-0.83900348
8.88	-0.91659792
8.9	-1.0002174
8.92	-1.0877931
8.94	-1.1779237
8.96	-1.2612512
8.98	-1.350537
9	-1.4325532
9.02	-1.490872
9.04	-1.5213687
9.06	-1.5190029
9.08	-1.5027624
9.1	-1.4180992
9.12	-1.2257938
9.14	-1.0350985
9.16	-0.88863362
9.18	-0.77538776
9.2	-0.71457484
9.22	-0.7033362
9.24	-0.71363012
9.26	-0.71215326
9.28	-0.63252434
9.3	-0.45985618
9.32	-0.20695738
9.34	0.07842744
9.36	0.4284609
9.38	0.77487032
9.4	1.0022088
9.42	1.13033
9.44	1.1819094
9.46	1.2206909
9.48	1.212458
9.5	1.1558718
9.52	1.1053459
9.54	1.0698876
9.56	1.0504189
9.58	1.0305641
9.6	1.0110092
9.62	0.98904834
9.64	0.96411224
9.66	0.93779532
9.68	0.91217518
9.7	0.88041044
9.72	0.82602926
9.74	0.73600548
9.76	0.60090856
9.78	0.4441997
9.8	0.30208206
9.82	0.13161498
9.84	-0.05862262
9.86	-0.2337741
9.88	-0.38086328
9.9	-0.50717352
9.92	-0.6143669
9.94	-0.67518374
9.96	-0.68707016
9.98	-0.68636848
10	-0.67899006
10.02	-0.66157154
10.04	-0.64553384
10.06	-0.62231372
10.08	-0.57496502
10.1	-0.52347484
10.12	-0.4890102
10.14	-0.4569152
10.16	-0.43781304
10.18	-0.42036218
10.2	-0.37553306
10.22	-0.3031189
10.24	-0.18232802
10.26	-0.03603264
10.28	0.12487748
10.3	0.32364402
10.32	0.54324536
10.34	0.73936884
10.36	0.87717154
10.38	0.9544514
10.4	0.9761486
10.42	0.9796472
10.44	0.9628059
10.46	0.93241022
10.48	0.90589044
10.5	0.90444102
10.52	0.94141348
10.54	0.98857402
10.56	1.0322232
10.58	1.0551425
10.6	1.0673601
10.62	1.072462
10.64	1.0576621
10.66	1.0220087
10.68	0.96142116
10.7	0.89234096
10.72	0.80993472
10.74	0.71572536
10.76	0.6100745
10.78	0.48594868
10.8	0.39058978
10.82	0.32921924
10.84	0.2595089
10.86	0.1851759
10.88	0.10837722
10.9	0.02691276
10.92	-0.05438216
10.94	-0.13175414
10.96	-0.20715338
10.98	-0.28028392
11	-0.34847428
11.02	-0.39697056
11.04	-0.41262018
11.06	-0.41823068
11.08	-0.42326396
11.1	-0.42754362
11.12	-0.43153908
11.14	-0.42838446
11.16	-0.40723018
11.18	-0.37221478
11.2	-0.32943288
11.22	-0.26283992
11.24	-0.18609808
11.26	-0.10823512
11.28	-0.02540944
11.3	0.05611676
11.32	0.13223924
11.34	0.1921241
11.36	0.2392866
11.38	0.27244
11.4	0.27749386
11.42	0.27535158
11.44	0.27659912
11.46	0.27963516
11.48	0.28226058
11.5	0.283024
11.52	0.27269186
11.54	0.23099286
11.56	0.17113348
11.58	0.09085286
11.6	-0.01432368
11.62	-0.1091034
11.64	-0.19547766
11.66	-0.2815736
11.68	-0.3842874
11.7	-0.5024264
11.72	-0.59270792
11.74	-0.6494852
11.76	-0.70561862
11.78	-0.752836
11.8	-0.7861756
11.82	-0.81314226
11.84	-0.82868604
11.86	-0.83831944
11.88	-0.8555939
11.9	-0.89021142
11.92	-0.93422812
11.94	-0.98185318
11.96	-1.0264598
11.98	-1.0492056
12	-1.051297
12.02	-1.0263736
12.04	-0.99293306
12.06	-0.95381146
12.08	-0.87417862
12.1	-0.7419825
12.12	-0.58404178
12.14	-0.41711054
12.16	-0.24856916
12.18	-0.08941324
12.2	0.04235364
12.22	0.10096156
12.24	0.12260584
12.26	0.13984502
12.28	0.13780956
12.3	0.13143858
12.32	0.13257734
12.34	0.16576308
12.36	0.24520286
12.38	0.35871528
12.4	0.47198172
12.42	0.59100174
12.44	0.70059906
12.46	0.79599226
12.48	0.87021256
12.5	0.92534344
12.52	0.96072046
12.54	0.9322152
12.56	0.85938748
12.58	0.77645498
12.6	0.66107762
12.62	0.4840367
12.64	0.334033
12.66	0.25035472
12.68	0.21186032
12.7	0.22717086
12.72	0.25723432
12.74	0.2940098
12.76	0.32613812
12.78	0.3189606
12.8	0.25613084
12.82	0.15313088
12.84	0.01342796
12.86	-0.16865898
12.88	-0.34491786
12.9	-0.4924059
12.92	-0.6130194
12.94	-0.7230195
12.96	-0.78970752
12.98	-0.79370886
13	-0.78865304
13.02	-0.76793486
13.04	-0.73963736
13.06	-0.68628616
13.08	-0.59880744
13.1	-0.50312808
13.12	-0.41511428
13.14	-0.36283912
13.16	-0.35734622
13.18	-0.3799117
13.2	-0.4176564
13.22	-0.4606931
13.24	-0.49026264
13.26	-0.48715506
13.28	-0.45447696
13.3	-0.39961754
13.32	-0.31060414
13.34	-0.21306866
13.36	-0.10287452
13.38	0.01148266
13.4	0.08533252
13.42	0.1028706
13.44	0.09172114
13.46	0.06711236
13.48	0.03290448
13.5	-0.01959412
13.52	-0.04883438
13.54	-0.02845822
13.56	0.0225106
13.58	0.0978236
13.6	0.20762574
13.62	0.34223462
13.64	0.46031188
13.66	0.53584048
13.68	0.56620284
13.7	0.56620186
13.72	0.56140182
13.74	0.55353634
13.76	0.54368146
13.78	0.5284846
13.8	0.50829758
13.82	0.49772044
13.84	0.50729798
13.86	0.51744294
13.88	0.52362968
13.9	0.5235258
13.92	0.51906288
13.94	0.5071206
13.96	0.46849782
13.98	0.40194014
14	0.34059998
14.02	0.27506444
14.04	0.18886462
14.06	0.0898954
14.08	-0.00165424
14.1	-0.0690116
14.12	-0.13508516
14.14	-0.20405952
14.16	-0.2654134
14.18	-0.3017469
14.2	-0.32323046
14.22	-0.33323332
14.24	-0.33355574
14.26	-0.34794116
14.28	-0.3799117
14.3	-0.4138344
14.32	-0.44830198
14.34	-0.48265392
14.36	-0.50491854
14.38	-0.5150929
14.4	-0.52509478
14.42	-0.5270979
14.44	-0.51969106
14.46	-0.51014978
14.48	-0.48784988
14.5	-0.4415537
14.52	-0.35410144
14.54	-0.22537942
14.56	-0.0914683
14.58	0.03687838
14.6	0.14575638
14.62	0.24162292
14.64	0.33628602
14.66	0.41415486
14.68	0.46376442
14.7	0.50735482
14.72	0.54596094
14.74	0.57849204
14.76	0.61094474
14.78	0.63259588
14.8	0.63566818
14.82	0.63401394
14.84	0.64081808
14.86	0.6695115
14.88	0.70530796
14.9	0.73000984
14.92	0.7313446
14.94	0.69915356
14.96	0.6624163
14.98	0.62709612
15	0.58513546
15.02	0.52994872
15.04	0.47032258
15.06	0.40272806
15.08	0.31716328
15.1	0.22858794
15.12	0.14964894
15.14	0.08142624
15.16	0.01886206
15.18	-0.02922948
15.2	-0.0574574
15.22	-0.08350874
15.24	-0.10977666
15.26	-0.1352596
15.28	-0.17183712
15.3	-0.2371208
15.32	-0.31004652
15.34	-0.37235492
15.36	-0.44302566
15.38	-0.52705478
15.4	-0.60882892
15.42	-0.673995
15.44	-0.71807442
15.46	-0.73827026
15.48	-0.73692766
15.5	-0.7029344
15.52	-0.63258412
15.54	-0.54402446
15.56	-0.46006884
15.58	-0.36114176
15.6	-0.25519984
15.62	-0.18265828
15.64	-0.1343874
15.66	-0.08066674
15.68	-0.0279937
15.7	0.01931678
15.72	0.07350882
15.74	0.13190604
15.76	0.1832502
15.78	0.23655534
15.8	0.31115784
15.82	0.37935408
15.84	0.43511314
15.86	0.49444822
15.88	0.5345165
15.9	0.54356582
15.92	0.51833376
15.94	0.47525492
15.96	0.39812402
15.98	0.31128328
16	0.2637621
16.02	0.21775208
16.04	0.17584238
16.06	0.14356706
16.08	0.12457466
16.1	0.11322724
16.12	0.1128372
16.14	0.11303124
16.16	0.1159928
16.18	0.1186094
16.2	0.11776268
16.22	0.11195716
16.24	0.0804874
16.26	0.0125048
16.28	-0.0596624
16.3	-0.13155422
16.32	-0.20982486
16.34	-0.29681848
16.36	-0.35796264
16.38	-0.3823274
16.4	-0.39797114
16.42	-0.39237044
16.44	-0.37040668
16.46	-0.3388154
16.48	-0.30693306
16.5	-0.2884728
16.52	-0.28301714
16.54	-0.30354226
16.56	-0.33173
16.58	-0.35380352
16.6	-0.38542812
16.62	-0.42388626
16.64	-0.4356688
16.66	-0.4135257
16.68	-0.37762928
16.7	-0.33688774
16.72	-0.28391678
16.74	-0.22873396
16.76	-0.16442636
16.78	-0.0863282
16.8	-0.01692852
16.82	0.0088739
16.84	0.00295764
16.86	-0.01681876
16.88	-0.05556306
16.9	-0.09299416
16.92	-0.1244551
16.94	-0.13944714
16.96	-0.14155806
16.98	-0.1336573
17	-0.09887024
17.02	-0.04645396
17.04	-0.00177674
17.06	0.04094636
17.08	0.08741992
17.1	0.12853582
17.12	0.15563968
17.14	0.16918328
17.16	0.17208702
17.18	0.15267322
17.2	0.11304104
17.22	0.05933998
17.24	0.0293706
17.26	0.02682358
17.28	0.04207238
17.3	0.0818741
17.32	0.13985776
17.34	0.18608044
17.36	0.21223468
17.38	0.22125068
17.4	0.21785302
17.42	0.21248654
17.44	0.19759152
17.46	0.17599232
17.48	0.15561224
17.5	0.13050562
17.52	0.10409364
17.54	0.06804924
17.56	0.03859436
17.58	0.02973908
17.6	0.04311608
17.62	0.07661836
17.64	0.12619656
17.66	0.1703681
17.68	0.18714864
17.7	0.17713696
17.72	0.13775076
17.74	0.07123522
17.76	0.00222264
17.78	-0.06947122
17.8	-0.12973828
17.82	-0.16501926
17.84	-0.18127844
17.86	-0.18281508
17.88	-0.16390304
17.9	-0.14514584
17.92	-0.13482056
17.94	-0.13606026
17.96	-0.14767718
17.98	-0.15973118
18	-0.17746918
18.02	-0.20923588
18.04	-0.25396798
18.06	-0.28640696
18.08	-0.29132264
18.1	-0.27541724
18.12	-0.24129952
18.14	-0.19191536
18.16	-0.13636406
18.18	-0.08672804
18.2	-0.0488726
18.22	-0.0211533
18.24	0.00069874
18.26	0.0046305
18.28	-0.00326928
18.3	-0.00250488
18.32	0.00382004
18.34	0.0171843
18.36	0.03253796
18.38	0.04849334
18.4	0.07643216
18.42	0.1125383
18.44	0.1494157
18.46	0.1897182
18.48	0.22388394
18.5	0.23924642
18.52	0.24058216
18.54	0.2227687
18.56	0.19298552
18.58	0.1562365
18.6	0.12527634
18.62	0.11359376
18.64	0.11004714
18.66	0.1234702
18.68	0.15209502
18.7	0.18355498
18.72	0.20191038
18.74	0.21052654
18.76	0.21814604
18.78	0.22207584
18.8	0.2180745
18.82	0.19494944
18.84	0.15603854
18.86	0.11203752
18.88	0.0586922
18.9	0.01045072
18.92	-0.023863
18.94	-0.04301612
18.96	-0.05799836
18.98	-0.07457996
19	-0.10502562
19.02	-0.14680302
19.04	-0.18372354
19.06	-0.20742778
19.08	-0.21825384
19.1	-0.21170548
19.12	-0.18914882
19.14	-0.15874922
19.16	-0.12784002
19.18	-0.10051958
19.2	-0.08339702
19.22	-0.08435252
19.24	-0.1020033
19.26	-0.12823104
19.28	-0.15024968
19.3	-0.16327976
19.32	-0.16066904
19.34	-0.13581036
19.36	-0.10012758
19.38	-0.0554337
19.4	-0.0033859
19.42	0.04835908
19.44	0.09692494
19.46	0.1317463
19.48	0.14934122
19.5	0.15845522
19.52	0.15561714
19.54	0.14546532
19.56	0.13887384
19.58	0.13144054
19.6	0.12537532
19.62	0.12542236
19.64	0.13035764
19.66	0.13545462
19.68	0.13825252
19.7	0.13808298
19.72	0.13790658
19.74	0.13569766
19.76	0.13050954
19.78	0.12196198
19.8	0.10852814
19.82	0.08259244
19.84	0.0429142
19.86	0.0111622
19.88	0.0005929
19.9	0.00269304
19.92	0.00969024
19.94	0.01468334
19.96	0.01431584
19.98	0.01428546
20	0.01188936
20.02	0.0036211
20.04	-0.011711
20.06	-0.0229222
20.08	-0.02528498
20.1	-0.04207042
20.12	-0.07162624
20.14	-0.09298338
20.16	-0.09848118
20.18	-0.09333814
20.2	-0.07371266
20.22	-0.04756724
20.24	-0.02388358
20.26	0.0065611
20.28	0.03101308
20.3	0.03138646
20.32	0.01793792
20.34	0.00193452
20.36	-0.01739598
20.38	-0.05050038
20.4	-0.05817868
20.42	-0.05638724
20.44	-0.0565999
20.46	-0.04992316
20.48	-0.03578274
20.5	-0.0155281
20.52	0.00669438
20.54	0.02770362
20.56	0.05744172
20.58	0.0825846
20.6	0.0977795
20.62	0.11377114
20.64	0.1210447
20.66	0.11368784
20.68	0.1077167
20.7	0.10650052
20.72	0.10174164
20.74	0.10133494
20.76	0.10533922
20.78	0.1086183
20.8	0.12101138
20.82	0.15512616
20.84	0.18926936
20.86	0.21812154
20.88	0.23783032
20.9	0.22371636
20.92	0.18487504
20.94	0.13150718
20.96	0.06133526
20.98	0.00496664
21	-0.02861796
21.02	-0.04488106
21.04	-0.04938318
21.06	-0.05195176
21.08	-0.05006232
21.1	-0.046991
21.12	-0.0519155
21.14	-0.07271698
21.16	-0.12054882
21.18	-0.18463494
21.2	-0.24683848
21.22	-0.30657144
21.24	-0.34846546
21.26	-0.37350446
21.28	-0.3797157
21.3	-0.36579186
21.32	-0.33999042
21.34	-0.30938796
21.36	-0.28231448
21.38	-0.25557616
21.4	-0.23086644
21.42	-0.20828724
21.44	-0.1872927
21.46	-0.16785146
21.48	-0.14761838
21.5	-0.12235692
21.52	-0.09317154
21.54	-0.06402928
21.56	-0.03782408
21.58	-0.00624162
21.6	0.03560732
21.62	0.07520912
21.64	0.10385452
21.66	0.1177813
21.68	0.12848878
21.7	0.14609546
21.72	0.16787008
21.74	0.18429684
21.76	0.19668992
21.78	0.20724648
21.8	0.214865
21.82	0.21855274
21.84	0.22028048
21.86	0.22004724
21.88	0.22058036
21.9	0.22422204
21.92	0.23322334
21.94	0.24778516
21.96	0.24787336
21.98	0.2191623
22	0.1750623
22.02	0.11566548
22.04	0.05082084
22.06	0.0029645
22.08	-0.02783494
22.1	-0.03855908
22.12	-0.03794266
22.14	-0.03407362
22.16	-0.02759778
22.18	-0.02007334
22.2	-0.02089752
22.22	-0.03294662
22.24	-0.04733498
22.26	-0.06982794
22.28	-0.10554012
22.3	-0.14056336
22.32	-0.1682856
22.34	-0.19614014
22.36	-0.227409
22.38	-0.25625824
22.4	-0.27184612
22.42	-0.27152174
22.44	-0.25941286
22.46	-0.2326128
22.48	-0.21020412
22.5	-0.19761994
22.52	-0.20025026
22.54	-0.21382032
22.56	-0.22711304
22.58	-0.24130932
22.6	-0.24980298
22.62	-0.23878876
22.64	-0.20473474
22.66	-0.1620185
22.68	-0.12664736
22.7	-0.11289208
22.72	-0.1157527
22.74	-0.1268218
22.76	-0.1436876
22.78	-0.15219204
22.8	-0.15691368
22.82	-0.15248016
22.84	-0.13092408
22.86	-0.10444644
22.88	-0.07528948
22.9	-0.04020058
22.92	-0.00531552
22.94	0.01633758
22.96	0.0314972
22.98	0.04833556
23	0.06471234
23.02	0.07724066
23.04	0.07740922
23.06	0.06550516
23.08	0.0519547
23.1	0.04804744
23.12	0.0524986
23.14	0.0633227
23.16	0.07962108
23.18	0.10516086
23.2	0.14157276
23.22	0.18404988
23.24	0.23141524
23.26	0.27570928
23.28	0.31125388
23.3	0.33250322
23.32	0.33857432
23.34	0.33041386
23.36	0.30521512
23.38	0.25876704
23.4	0.2033745
23.42	0.1427713
23.44	0.09254826
23.46	0.06954276
23.48	0.06390482
23.5	0.0686735
23.52	0.08315594
23.54	0.10674846
23.56	0.13032726
23.58	0.13969704
23.6	0.1325891
23.62	0.11690812
23.64	0.09914072
23.66	0.06525918
23.68	0.01389542
23.7	-0.01885324
23.72	-0.05471046
23.74	-0.0952756
23.76	-0.1158605
23.78	-0.12147492
23.8	-0.1102843
23.82	-0.08457106
23.84	-0.05399408
23.86	-0.02646392
23.88	-0.00543214
23.9	0.00107604
23.92	0.00027734
23.94	-0.00549094
23.96	-0.0181202
23.98	-0.0280574
24	-0.03262224
24.02	-0.03454304
24.04	-0.03222926
24.06	-0.01930404
24.08	0.00056252
24.1	0.01937166
24.12	0.03693032
24.14	0.0504259
24.16	0.0560266
24.18	0.0452074
24.2	0.02940392
24.22	0.01991556
24.24	0.01210692
24.26	0.00450506
24.28	-0.00162092
24.3	-0.00632198
24.32	-0.01034096
24.34	-0.01418256
24.36	-0.02038792
24.38	-0.02968812
24.4	-0.03817492
24.42	-0.04204886
24.44	-0.03930878
24.46	-0.02745078
24.48	-0.01098678
24.5	0.00363972
24.52	0.0178507
24.54	0.03089548
24.56	0.04314058
24.58	0.05097176
24.6	0.04966934
24.62	0.04526816
24.64	0.03877664
24.66	0.02969204
24.68	0.02595824
24.7	0.02794274
24.72	0.03668238
24.74	0.05296116
24.76	0.07777966
24.78	0.10342038
24.8	0.12465012
24.82	0.14029092
24.84	0.14164136
24.86	0.12958736
24.88	0.10463558
24.9	0.07363132
24.92	0.03816218
24.94	0.00198646
24.96	-0.01452654
24.98	-0.01978522
25	-0.02199806
25.02	-0.02170896
25.04	-0.02168446
25.06	-0.01923348
25.08	-0.01605142
25.1	-0.01194228
25.12	-0.0065562
25.14	-0.00202762
25.16	-0.00264894
25.18	-0.0093982
25.2	-0.02433046
25.22	-0.046746
25.24	-0.07083636
25.26	-0.09572542
25.28	-0.1214661
25.3	-0.1449665
25.32	-0.15962632
25.34	-0.16402848
25.36	-0.15783488
25.38	-0.13558006
25.4	-0.10487764
25.42	-0.07772184
25.44	-0.0631757
25.46	-0.05812478
25.48	-0.05688802
25.5	-0.05708304
25.52	-0.05972806
25.54	-0.06369314
25.56	-0.06664588
25.58	-0.06524742
25.6	-0.04764662
25.62	-0.01620234
25.64	0.00929236
25.66	0.03308088
25.68	0.0533855
25.7	0.0652141
25.72	0.07053452
25.74	0.07020916
25.76	0.06102754
25.78	0.04758096
25.8	0.02935198
25.82	0.00443058
25.84	-0.03041038
25.86	-0.06031704
25.88	-0.06687912
25.9	-0.05874414
25.92	-0.04244772
25.94	-0.01943438
25.96	0.00739606
25.98	0.03208814
26	0.0490931
26.02	0.06080116
26.04	0.07468482
26.06	0.08376158
26.08	0.08331372
26.1	0.07611366
26.12	0.0636951
26.14	0.04640496
26.16	0.02397276
26.18	0.00535962
26.2	-0.00085946
26.22	0.00053802
26.24	0.00715596
26.26	0.01450106
26.28	0.0182378
26.3	0.01499988
26.32	0.0102851
26.34	0.00574476
26.36	-0.00107898
26.38	-0.01312906
26.4	-0.02789374
26.42	-0.04423818
26.44	-0.06485052
26.46	-0.09314704
26.48	-0.12350058
26.5	-0.15393056
26.52	-0.1840489
26.54	-0.19712308
26.56	-0.19213488
26.58	-0.18782974
26.6	-0.18399892
26.62	-0.18032392
26.64	-0.17671164
26.66	-0.17314738
26.68	-0.16946356
26.7	-0.16455474
26.72	-0.14976948
26.74	-0.1228724
26.76	-0.0945406
26.78	-0.06853728
26.8	-0.05093354
26.82	-0.04206944
26.84	-0.03917158
26.86	-0.03545934
26.88	-0.02551234
26.9	-0.01095248
26.92	0.00542724
26.94	0.02489396
26.96	0.0493724
26.98	0.07776104
27	0.10654658
27.02	0.13176688
27.04	0.15428434
27.06	0.18169004
27.08	0.21258258
27.1	0.24264702
27.12	0.25707458
27.14	0.2555889
27.16	0.24455508
27.18	0.22654268
27.2	0.20060992
27.22	0.1625673
27.24	0.13438642
27.26	0.12122894
27.28	0.11755492
27.3	0.11756276
27.32	0.11429152
27.34	0.11035976
27.36	0.10301662
27.38	0.09110766
27.4	0.07650664
27.42	0.05986526
27.44	0.04380404
27.46	0.02709896
27.48	0.00591724
27.5	-0.01652868
27.52	-0.0362992
27.54	-0.05082574
27.56	-0.05723886
27.58	-0.04759174
27.6	-0.03138058
27.62	-0.01540756
27.64	0.00916104
27.66	0.03450188
27.68	0.0478485
27.7	0.05248782
27.72	0.05152448
27.74	0.04612174
27.76	0.04046714
27.78	0.035427
27.8	0.02980964
27.82	0.02013116
27.84	0.00450506
27.86	-0.0077616
27.88	-0.01348284
27.9	-0.00944916
27.92	-0.00239904
27.94	-0.00220206
27.96	-0.00436198
27.98	-0.00893956
28	-0.0170422
28.02	-0.02935982
28.04	-0.04738496
28.06	-0.07399196
28.08	-0.10131338
28.1	-0.1239455
28.12	-0.13948144
28.14	-0.14743904
28.16	-0.14828576
28.18	-0.15008112
28.2	-0.1611267
28.22	-0.17541118
28.24	-0.18052188
28.26	-0.18108734
28.28	-0.17727416
28.3	-0.17576398
28.32	-0.1792763
28.34	-0.18412044
28.36	-0.18076296
28.38	-0.15716652
28.4	-0.1204077
28.42	-0.08423492
28.44	-0.0442617
28.46	0.0003773
28.48	0.03970372
28.5	0.06837656
28.52	0.08919372
28.54	0.10222968
28.56	0.11716782
28.58	0.13134842
28.6	0.14080934
28.62	0.150283
28.64	0.16909606
28.66	0.1967889
28.68	0.22148882
28.7	0.24320072
28.72	0.26212158
28.74	0.27933724
28.76	0.29402156
28.78	0.27996052
28.8	0.24572618
28.82	0.21825972
28.84	0.1855826
28.86	0.14521052
28.88	0.11671996
28.9	0.10105858
28.92	0.08792952
28.94	0.08788444
28.96	0.09559704
28.98	0.09676814
29	0.08586172
29.02	0.06109712
29.04	0.02416386
29.06	-0.02212056
29.08	-0.07136262
29.1	-0.1206968
29.12	-0.16186268
29.14	-0.19828732
29.16	-0.22628004
29.18	-0.2380763
29.2	-0.243089
29.22	-0.2443238
29.24	-0.2447256
29.26	-0.24735298
29.28	-0.25266556
29.3	-0.25953242
29.32	-0.27355818
29.34	-0.29728986
29.36	-0.32005624
29.38	-0.32810204
29.4	-0.29497608
29.42	-0.23431016
29.44	-0.16617076
29.46	-0.09427894
29.48	-0.04938808
29.5	-0.0416549
29.52	-0.05258484
29.54	-0.07574714
29.56	-0.09648198
29.58	-0.09707978
29.6	-0.0552524
29.62	0.02587298
29.64	0.12985882
29.66	0.26052124
29.68	0.38637872
29.7	0.46868108
29.72	0.50655122
29.74	0.51718226
29.76	0.5040483
29.78	0.46143692
29.8	0.40547892
29.82	0.34109684
29.84	0.2675792
29.86	0.19408802
29.88	0.13434624
29.9	0.08016498
29.92	0.02716658
29.94	-0.01194914
29.96	-0.02806132
29.98	-0.03234294
30	-0.0259308
30.02	-0.01254008
30.04	-0.000049
30.06	0.00041944
30.08	-0.0071638
30.1	-0.01425998
30.12	-0.02360428
30.14	-0.03853066
30.16	-0.0622545
30.18	-0.09495122
30.2	-0.13260478
30.22	-0.17498586
30.24	-0.22653288
30.26	-0.28945378
30.28	-0.3521189
30.3	-0.39633552
30.32	-0.40686954
30.34	-0.38434914
30.36	-0.3374679
30.38	-0.26573974
30.4	-0.16543674
30.42	-0.05155584
30.44	0.04952136
30.46	0.12489512
30.48	0.18075414
30.5	0.20656244
30.52	0.1974259
30.54	0.15140902
30.56	0.08106854
30.58	-0.01449126
30.6	-0.11245794
30.62	-0.17155586
30.64	-0.17174206
30.66	-0.12316052
30.68	-0.04501042
30.7	0.06595204
30.72	0.2055109
30.74	0.32037082
30.76	0.39969398
30.78	0.43884008
30.8	0.43743672
30.82	0.3831114
30.84	0.28384328
30.86	0.17787588
30.88	0.0718046
30.9	-0.01022238
30.92	-0.05088454
30.94	-0.05072284
30.96	-0.0183407
30.98	0.0186102
31	0.05110406
31.02	0.07605976
31.04	0.078449
31.06	0.05728198
31.08	0.02304862
31.1	-0.01686482
31.12	-0.07004256
31.14	-0.13337016
31.16	-0.1902866
31.18	-0.23171904
31.2	-0.27598564
31.22	-0.31959858
31.24	-0.33973856
31.26	-0.34113506
31.28	-0.33119982
31.3	-0.30225944
31.32	-0.25817316
31.34	-0.21445144
31.36	-0.18163908
31.38	-0.15310148
31.4	-0.13925114
31.42	-0.13935698
31.44	-0.1397529
31.46	-0.14000084
31.48	-0.13746362
31.5	-0.1290219
31.52	-0.11286464
31.54	-0.08100484
31.56	-0.03544856
31.58	0.02074268
31.6	0.09000222
31.62	0.14512428
31.64	0.18329332
31.66	0.21910742
31.68	0.24257058
31.7	0.23660042
31.72	0.21709254
31.74	0.20451522
31.76	0.18330508
31.78	0.16662842
31.8	0.1681043
31.82	0.18201932
31.84	0.20711516
31.86	0.23787148
31.88	0.26383364
31.9	0.27174322
31.92	0.25236372
31.94	0.21405356
31.96	0.17175578
31.98	0.11904942
32	0.06685854
32.02	0.03552794
32.04	0.01578094
32.06	0.00389648
32.08	-0.00725788
32.1	-0.0219863
32.12	-0.03897558
32.14	-0.05452328
32.16	-0.0657139
32.18	-0.08764434
32.2	-0.13053012
32.22	-0.1762873
32.24	-0.20818336
32.26	-0.2346218
32.28	-0.2485966
32.3	-0.2388897
32.32	-0.22125558
32.34	-0.19323836
32.36	-0.15266342
32.38	-0.11946592
32.4	-0.09942002
32.42	-0.08560398
32.44	-0.08248954
32.46	-0.08877134
32.48	-0.09586752
32.5	-0.10258542
32.52	-0.1085399
32.54	-0.11289306
32.56	-0.11529112
32.58	-0.11060476
32.6	-0.09665446
32.62	-0.06752102
32.64	-0.02401
32.66	0.02443532
32.68	0.074774
32.7	0.1191141
32.72	0.14305648
32.74	0.14974988
32.76	0.14709114
32.78	0.13156794
32.8	0.10469634
32.82	0.08021888
32.84	0.06673114
32.86	0.06127254
32.88	0.06708002
32.9	0.08430744
32.92	0.10639664
32.94	0.12873868
32.96	0.1511405
32.98	0.17030538
33	0.189483
33.02	0.2090438
33.04	0.2140712
33.06	0.19542474
33.08	0.16356592
33.1	0.12058606
33.12	0.06756316
33.14	0.01936774
33.16	-0.01831718
33.18	-0.04059748
33.2	-0.05510344
33.22	-0.06743772
33.24	-0.07742196
33.26	-0.08739542
33.28	-0.09726892
33.3	-0.1028706
33.32	-0.10147998
33.34	-0.09568328
33.36	-0.08446228
33.38	-0.08712788
33.4	-0.11189248
33.42	-0.14618562
33.44	-0.1829709
33.46	-0.2013802
33.48	-0.2023406
33.5	-0.18427038
33.52	-0.15626884
33.54	-0.12935608
33.56	-0.10454738
33.58	-0.0815115
33.6	-0.0633962
33.62	-0.05123342
33.64	-0.04474484
33.66	-0.04129328
33.68	-0.0318941
33.7	-0.01601418
33.72	-0.001813
33.74	0.01225686
33.76	0.03114146
33.78	0.05000156
33.8	0.06137348
33.82	0.07004942
33.84	0.07560994
33.86	0.07909874
33.88	0.0828737
33.9	0.085799
33.92	0.08663004
33.94	0.08620668
33.96	0.08599304
33.98	0.09092244
34	0.10590762
34.02	0.12422676
34.04	0.14254492
34.06	0.15877372
34.08	0.17015936
34.1	0.17362856
34.12	0.1641255
34.14	0.14130914
34.16	0.10983448
34.18	0.07462112
34.2	0.04460666
34.22	0.02561328
34.24	0.01488424
34.26	0.01118964
34.28	0.01140328
34.3	0.01739794
34.32	0.02960384
34.34	0.04397064
34.36	0.0496223
34.38	0.04779362
34.4	0.0424242
34.42	0.03537506
34.44	0.02526146
34.46	0.01229704
34.48	0.00462364
34.5	0.00068208
34.52	-0.00586138
34.54	-0.01344756
34.56	-0.01364552
34.58	-0.00704228
34.6	0.0002107
34.62	0.00930412
34.64	0.0212807
34.66	0.03570336
34.68	0.0444675
34.7	0.04447142
34.72	0.04145008
34.74	0.03479784
34.76	0.01747536
34.78	-0.00599466
34.8	-0.02203628
34.82	-0.0284886
34.84	-0.02336418
34.86	-0.00901992
34.88	0.00628768
34.9	0.02084558
34.92	0.0280623
34.94	0.02152766
34.96	0.0043414
34.98	-0.01672664
35	-0.04229386
35.02	-0.0737548
35.04	-0.1070503
35.06	-0.13766844
35.08	-0.1589707
35.1	-0.16548084
35.12	-0.16687636
35.14	-0.16287502
35.16	-0.14413644
35.18	-0.11412786
35.2	-0.09446122
35.22	-0.07898604
35.24	-0.0627788
35.26	-0.0492695
35.28	-0.0400036
35.3	-0.03287606
35.32	-0.0267589
35.34	-0.02162272
35.36	-0.01847496
35.38	-0.01644048
35.4	-0.01631896
35.42	-0.01224412
35.44	0.00451388
35.46	0.02415308
35.48	0.03812494
35.5	0.04851196
35.52	0.05520144
35.54	0.0581924
35.56	0.0546791
35.58	0.05254662
35.6	0.05451936
35.62	0.05629512
35.64	0.0583688
35.66	0.06080116
35.68	0.06370196
35.7	0.06836676
35.72	0.07505722
35.74	0.08266398
35.76	0.09203964
35.78	0.09948176
35.8	0.09941512
35.82	0.09423582
35.84	0.08419572
35.86	0.06696732
35.88	0.04527894
35.9	0.01785364
35.92	-0.01061438
35.94	-0.04254474
35.96	-0.07712404
35.98	-0.10584392
36	-0.12112212
36.02	-0.13065948
36.04	-0.13692364
36.06	-0.14064078
36.08	-0.14572012
36.1	-0.15179024
36.12	-0.15954204
36.14	-0.16640792
36.16	-0.16885008
36.18	-0.16893632
36.2	-0.16938614
36.22	-0.16965662
36.24	-0.17001138
36.26	-0.17056998
36.28	-0.16902648
36.3	-0.15957144
36.32	-0.14606018
36.34	-0.13091722
36.36	-0.10772062
36.38	-0.08040998
36.4	-0.05402446
36.42	-0.02855818
36.44	-0.00382004
36.46	0.01908648
36.48	0.03884426
36.5	0.05608148
36.52	0.07001316
36.54	0.08342348
36.56	0.09724442
36.58	0.11038524
36.6	0.12046748
36.62	0.12804778
36.64	0.13577802
36.66	0.14380422
36.68	0.15139922
36.7	0.15579648
36.72	0.157976
36.74	0.15907654
36.76	0.15477042
36.78	0.14628754
36.8	0.1365728
36.82	0.12519402
36.84	0.11506278
36.86	0.10674846
36.88	0.09888494
36.9	0.08951516
36.92	0.0761117
36.94	0.06094816
36.96	0.0464373
36.98	0.03213028
37	0.01805454
37.02	0.00434336
37.04	-0.00801052
37.06	-0.01994888
37.08	-0.03081022
37.1	-0.03966648
37.12	-0.04799354
37.14	-0.05500838
37.16	-0.05932234
37.18	-0.06388326
37.2	-0.07209272
37.22	-0.0829325
37.24	-0.09265312
37.26	-0.10094686
37.28	-0.10943562
37.3	-0.11960998
37.32	-0.13032824
37.34	-0.14126994
37.36	-0.15235374
37.38	-0.15725276
37.4	-0.14868756
37.42	-0.12741078
37.44	-0.09791474
37.46	-0.07103138
37.48	-0.04846786
37.5	-0.03202836
37.52	-0.02401784
37.54	-0.01983912
37.56	-0.01978816
37.58	-0.02042418
37.6	-0.02094652
37.62	-0.01913744
37.64	-0.00952364
37.66	0.00637392
37.68	0.02732142
37.7	0.04762898
37.72	0.06171648
37.74	0.0716233
37.76	0.07717598
37.78	0.07600488
37.8	0.06893908
37.82	0.06228684
37.84	0.05597858
37.86	0.05032692
37.88	0.04743396
37.9	0.05202918
37.92	0.06373626
37.94	0.08398894
37.96	0.10741878
37.98	0.12654348
38	0.13788208
38.02	0.13535956
38.04	0.12278322
38.06	0.09917208
38.08	0.06776994
38.1	0.03841992
38.12	0.01904826
38.14	0.0017052
38.16	-0.01055166
38.18	-0.00236376
38.2	0.01603084
38.22	0.02924614
38.24	0.03723804
38.26	0.03785054
38.28	0.03587878
38.3	0.03080434
38.32	0.02237144
38.34	0.00945504
38.36	-0.00644056
38.38	-0.02578086
38.4	-0.04591202
38.42	-0.06381662
38.44	-0.07437122
38.46	-0.07538454
38.48	-0.06629406
38.5	-0.05697524
38.52	-0.05072676
38.54	-0.04555628
38.56	-0.04127662
38.58	-0.03903732
38.6	-0.03681566
38.62	-0.0317128
38.64	-0.02261056
38.66	-0.01254596
38.68	0.00017248
38.7	0.01435602
38.72	0.02583574
38.74	0.03147368
38.76	0.03504186
38.78	0.03933426
38.8	0.04552492
38.82	0.05443606
38.84	0.06284544
38.86	0.06913214
38.88	0.07433692
38.9	0.07877534
38.92	0.08130374
38.94	0.0836283
38.96	0.08870078
38.98	0.09861838
39	0.10778138
39.02	0.11205908
39.04	0.11313316
39.06	0.10604482
39.08	0.09100476
39.1	0.07561386
39.12	0.05871376
39.14	0.0340158
39.16	-0.00365638
39.18	-0.03959788
39.2	-0.06777778
39.22	-0.09148398
39.24	-0.10547642
39.26	-0.10545388
39.28	-0.09699452
39.3	-0.08912904
39.32	-0.08443974
39.34	-0.09201612
39.36	-0.1100932
39.38	-0.1328684
39.4	-0.15670592
39.42	-0.17780434
39.44	-0.188895
39.46	-0.19139498
39.48	-0.18908316
39.5	-0.17744174
39.52	-0.15806714
39.54	-0.1305507
39.56	-0.10158288
39.58	-0.0811244
39.6	-0.06637148
39.62	-0.06274548
39.64	-0.06522684
39.66	-0.06906648
39.68	-0.07093142
39.7	-0.068551
39.72	-0.0629601
39.74	-0.04244772
39.76	-0.00924042
39.78	0.0218491
39.8	0.05019952
39.82	0.07555996
39.84	0.09807742
39.86	0.11281662
39.88	0.12023032
39.9	0.12006568
39.92	0.11484326
39.94	0.10636724
39.96	0.09967678
39.98	0.09630558
40	0.09773932